
ZAI = [
666
0
];

NAMES = [
'lost            '
'total           '
];

iLOST    = 1;
iTOT     = 2;

MAT_fuel_VOLUME = [ 1.27563E+02 1.27563E+02 1.27563E+02 1.27563E+02 1.27563E+02 1.27563E+02 1.27563E+02 1.27563E+02 1.27563E+02 1.27563E+02 1.27563E+02 1.27563E+02 1.27563E+02 1.27563E+02 1.27563E+02 1.27563E+02 1.27563E+02 1.27563E+02 1.27563E+02 1.27563E+02 1.27563E+02 1.27563E+02 1.27563E+02 1.27563E+02 1.27563E+02 1.27563E+02 1.27563E+02 1.27563E+02 1.27563E+02 1.27563E+02 ];

MAT_fuel_BURNUP = [ 0.00000E+00 1.00006E-01 5.00029E-01 1.00006E+00 2.00012E+00 3.00018E+00 4.00024E+00 5.00030E+00 6.00036E+00 7.00042E+00 8.00049E+00 9.00055E+00 1.00006E+01 1.10007E+01 1.20007E+01 1.30008E+01 1.40009E+01 1.50009E+01 1.75011E+01 2.00013E+01 2.25014E+01 2.50016E+01 2.75018E+01 3.00020E+01 3.25021E+01 3.50023E+01 3.75025E+01 4.00027E+01 4.50030E+01 5.00034E+01 ];

MAT_fuel_ADENS = [
0.00000E+00 1.54582E-13 7.82695E-13 1.56833E-12 3.14085E-12 4.71662E-12 6.30053E-12 7.89500E-12 9.50197E-12 1.11231E-11 1.27603E-11 1.44115E-11 1.60769E-11 1.77579E-11 1.94556E-11 2.11689E-11 2.28966E-11 2.46411E-11 2.90730E-11 3.35952E-11 3.82107E-11 4.29111E-11 4.76909E-11 5.25482E-11 5.74724E-11 6.24585E-11 6.74976E-11 7.25855E-11 8.28740E-11 9.33088E-11 % lost data
6.89175E-02 6.89200E-02 6.89296E-02 6.89418E-02 6.89660E-02 6.89902E-02 6.90143E-02 6.90384E-02 6.90625E-02 6.90866E-02 6.91106E-02 6.91346E-02 6.91586E-02 6.91825E-02 6.92065E-02 6.92304E-02 6.92543E-02 6.92782E-02 6.93379E-02 6.93975E-02 6.94570E-02 6.95165E-02 6.95759E-02 6.96353E-02 6.96947E-02 6.97541E-02 6.98134E-02 6.98728E-02 6.99915E-02 7.01104E-02 % total
];

MAT_fuel_MDENS = [
0.00000E+00 0.00000E+00 0.00000E+00 0.00000E+00 0.00000E+00 0.00000E+00 0.00000E+00 0.00000E+00 0.00000E+00 0.00000E+00 0.00000E+00 0.00000E+00 0.00000E+00 0.00000E+00 0.00000E+00 0.00000E+00 0.00000E+00 0.00000E+00 0.00000E+00 0.00000E+00 0.00000E+00 0.00000E+00 0.00000E+00 0.00000E+00 0.00000E+00 0.00000E+00 0.00000E+00 0.00000E+00 0.00000E+00 0.00000E+00 % lost data
1.03111E+01 1.03111E+01 1.03111E+01 1.03111E+01 1.03110E+01 1.03110E+01 1.03110E+01 1.03110E+01 1.03109E+01 1.03109E+01 1.03109E+01 1.03109E+01 1.03108E+01 1.03108E+01 1.03108E+01 1.03108E+01 1.03108E+01 1.03107E+01 1.03107E+01 1.03107E+01 1.03107E+01 1.03106E+01 1.03106E+01 1.03106E+01 1.03106E+01 1.03106E+01 1.03106E+01 1.03106E+01 1.03107E+01 1.03107E+01 % total
];

MAT_fuel_A = [
0.00000E+00 0.00000E+00 0.00000E+00 0.00000E+00 0.00000E+00 0.00000E+00 0.00000E+00 0.00000E+00 0.00000E+00 0.00000E+00 0.00000E+00 0.00000E+00 0.00000E+00 0.00000E+00 0.00000E+00 0.00000E+00 0.00000E+00 0.00000E+00 0.00000E+00 0.00000E+00 0.00000E+00 0.00000E+00 0.00000E+00 0.00000E+00 0.00000E+00 0.00000E+00 0.00000E+00 0.00000E+00 0.00000E+00 0.00000E+00 % lost data
5.00693E+07 8.14011E+15 9.04391E+15 9.24387E+15 9.38525E+15 9.42682E+15 9.45992E+15 9.49177E+15 9.52097E+15 9.55225E+15 9.58362E+15 9.61372E+15 9.64176E+15 9.67362E+15 9.70523E+15 9.73847E+15 9.76952E+15 9.80312E+15 9.81754E+15 9.90246E+15 9.98833E+15 1.00713E+16 1.01500E+16 1.02266E+16 1.02938E+16 1.03542E+16 1.04090E+16 1.04584E+16 1.05194E+16 1.05943E+16 % total
];

MAT_fuel_H = [
0.00000E+00 0.00000E+00 0.00000E+00 0.00000E+00 0.00000E+00 0.00000E+00 0.00000E+00 0.00000E+00 0.00000E+00 0.00000E+00 0.00000E+00 0.00000E+00 0.00000E+00 0.00000E+00 0.00000E+00 0.00000E+00 0.00000E+00 0.00000E+00 0.00000E+00 0.00000E+00 0.00000E+00 0.00000E+00 0.00000E+00 0.00000E+00 0.00000E+00 0.00000E+00 0.00000E+00 0.00000E+00 0.00000E+00 0.00000E+00 % lost data
3.75641E-05 2.78071E+03 2.86254E+03 2.87360E+03 2.86191E+03 2.83265E+03 2.80894E+03 2.79025E+03 2.77486E+03 2.76227E+03 2.75178E+03 2.74290E+03 2.73502E+03 2.72874E+03 2.72338E+03 2.71908E+03 2.71528E+03 2.71234E+03 2.68862E+03 2.68695E+03 2.68806E+03 2.69078E+03 2.69485E+03 2.70015E+03 2.70496E+03 2.71025E+03 2.71519E+03 2.72032E+03 2.72536E+03 2.73652E+03 % total
];

MAT_fuel_SF = [
0.00000E+00 0.00000E+00 0.00000E+00 0.00000E+00 0.00000E+00 0.00000E+00 0.00000E+00 0.00000E+00 0.00000E+00 0.00000E+00 0.00000E+00 0.00000E+00 0.00000E+00 0.00000E+00 0.00000E+00 0.00000E+00 0.00000E+00 0.00000E+00 0.00000E+00 0.00000E+00 0.00000E+00 0.00000E+00 0.00000E+00 0.00000E+00 0.00000E+00 0.00000E+00 0.00000E+00 0.00000E+00 0.00000E+00 0.00000E+00 % lost data
7.74702E+02 7.74697E+02 7.76971E+02 7.85650E+02 8.21925E+02 8.95214E+02 1.04139E+03 1.31868E+03 1.80363E+03 2.58596E+03 3.76659E+03 5.45237E+03 7.75782E+03 1.08011E+04 1.47051E+04 1.95957E+04 2.55996E+04 3.28436E+04 5.72102E+04 9.22139E+04 1.39850E+05 2.01857E+05 2.80078E+05 3.75763E+05 4.89815E+05 6.22943E+05 7.75466E+05 9.47414E+05 1.34758E+06 1.81922E+06 % total
];

MAT_fuel_GSRC = [
0.00000E+00 0.00000E+00 0.00000E+00 0.00000E+00 0.00000E+00 0.00000E+00 0.00000E+00 0.00000E+00 0.00000E+00 0.00000E+00 0.00000E+00 0.00000E+00 0.00000E+00 0.00000E+00 0.00000E+00 0.00000E+00 0.00000E+00 0.00000E+00 0.00000E+00 0.00000E+00 0.00000E+00 0.00000E+00 0.00000E+00 0.00000E+00 0.00000E+00 0.00000E+00 0.00000E+00 0.00000E+00 0.00000E+00 0.00000E+00 % lost data
6.28082E+06 6.80315E+15 7.98054E+15 8.17157E+15 8.27420E+15 8.29609E+15 8.31644E+15 8.33972E+15 8.36291E+15 8.39030E+15 8.41887E+15 8.44651E+15 8.47229E+15 8.50228E+15 8.53194E+15 8.56324E+15 8.59184E+15 8.62322E+15 8.63635E+15 8.71330E+15 8.78986E+15 8.86251E+15 8.92985E+15 8.99461E+15 9.04982E+15 9.09751E+15 9.14000E+15 9.17713E+15 9.21357E+15 9.26425E+15 % total
];

MAT_fuel_ING_TOX = [
0.00000E+00 0.00000E+00 0.00000E+00 0.00000E+00 0.00000E+00 0.00000E+00 0.00000E+00 0.00000E+00 0.00000E+00 0.00000E+00 0.00000E+00 0.00000E+00 0.00000E+00 0.00000E+00 0.00000E+00 0.00000E+00 0.00000E+00 0.00000E+00 0.00000E+00 0.00000E+00 0.00000E+00 0.00000E+00 0.00000E+00 0.00000E+00 0.00000E+00 0.00000E+00 0.00000E+00 0.00000E+00 0.00000E+00 0.00000E+00 % lost data
2.39366E+00 1.88055E+06 3.18671E+06 3.65953E+06 4.01436E+06 4.16657E+06 4.26876E+06 4.34957E+06 4.41672E+06 4.47603E+06 4.52914E+06 4.57719E+06 4.62105E+06 4.66382E+06 4.70455E+06 4.74448E+06 4.78243E+06 4.82058E+06 4.88565E+06 4.97625E+06 5.06638E+06 5.15514E+06 5.24217E+06 5.32860E+06 5.41151E+06 5.49238E+06 5.57107E+06 5.64805E+06 5.78755E+06 5.93362E+06 % total
];

MAT_fuel_INH_TOX = [
0.00000E+00 0.00000E+00 0.00000E+00 0.00000E+00 0.00000E+00 0.00000E+00 0.00000E+00 0.00000E+00 0.00000E+00 0.00000E+00 0.00000E+00 0.00000E+00 0.00000E+00 0.00000E+00 0.00000E+00 0.00000E+00 0.00000E+00 0.00000E+00 0.00000E+00 0.00000E+00 0.00000E+00 0.00000E+00 0.00000E+00 0.00000E+00 0.00000E+00 0.00000E+00 0.00000E+00 0.00000E+00 0.00000E+00 0.00000E+00 % lost data
4.49444E+02 1.34033E+06 2.87757E+06 3.77677E+06 5.03854E+06 6.10222E+06 7.14164E+06 8.20359E+06 9.30403E+06 1.04534E+07 1.16534E+07 1.29067E+07 1.42126E+07 1.55792E+07 1.70053E+07 1.84951E+07 2.00522E+07 2.16783E+07 2.60588E+07 3.09563E+07 3.63946E+07 4.24029E+07 4.90234E+07 5.62730E+07 6.41459E+07 7.26437E+07 8.17713E+07 9.15134E+07 1.12712E+08 1.36086E+08 % total
];

TOT_VOLUME = [ 1.27563E+02 1.27563E+02 1.27563E+02 1.27563E+02 1.27563E+02 1.27563E+02 1.27563E+02 1.27563E+02 1.27563E+02 1.27563E+02 1.27563E+02 1.27563E+02 1.27563E+02 1.27563E+02 1.27563E+02 1.27563E+02 1.27563E+02 1.27563E+02 1.27563E+02 1.27563E+02 1.27563E+02 1.27563E+02 1.27563E+02 1.27563E+02 1.27563E+02 1.27563E+02 1.27563E+02 1.27563E+02 1.27563E+02 1.27563E+02 ];

TOT_BURNUP = [ 0.00000E+00 1.00006E-01 5.00029E-01 1.00006E+00 2.00012E+00 3.00018E+00 4.00024E+00 5.00030E+00 6.00036E+00 7.00042E+00 8.00049E+00 9.00055E+00 1.00006E+01 1.10007E+01 1.20007E+01 1.30008E+01 1.40009E+01 1.50009E+01 1.75011E+01 2.00013E+01 2.25014E+01 2.50016E+01 2.75018E+01 3.00020E+01 3.25021E+01 3.50023E+01 3.75025E+01 4.00027E+01 4.50030E+01 5.00034E+01 ];

