% ----- Distribution at level 0 (first lattice):

lvl0 = [
  97 1.09970E+06  0.22031 % a
  98 2.06829E+06  0.20043 % a
  99 1.58799E+06  0.11619 % a
 100 1.47711E+06  0.14196 % a
 101 1.44910E+06  0.07317 % a
 102 1.49223E+06  0.13487 % a
 103 7.79682E+05  0.22777 % a
 122 1.61267E+06  0.22680 % a
 123 1.65490E+06  0.22331 % a
 124 2.10409E+06  0.08004 % a
 125 2.37955E+06  0.09313 % a
 126 2.25337E+06  0.06935 % a
 127 2.70501E+06  0.13814 % a
 128 3.02238E+06  0.09661 % a
 129 1.37835E+06  0.08043 % a
 130 1.08239E+06  0.13604 % a
 131 1.21210E+06  0.24192 % a
 147 1.02602E+06  0.28307 % a
 148 1.39549E+06  0.21625 % a
 149 2.30391E+06  0.09771 % a
 150 2.36215E+06  0.13945 % a
 152 3.36444E+06  0.09638 % a
 153 2.64744E+06  0.07447 % a
 154 2.61536E+06  0.08344 % a
 156 1.83090E+06  0.08045 % a
 157 2.09544E+06  0.15498 % a
 158 1.74448E+06  0.20820 % a
 159 1.46187E+06  0.21373 % a
 173 1.38265E+06  0.23365 % a
 174 1.58341E+06  0.18871 % a
 175 2.38017E+06  0.16243 % a
 176 3.76042E+06  0.09682 % a
 177 3.28870E+06  0.16033 % a
 178 3.90369E+06  0.19471 % a
 179 4.12835E+06  0.08194 % a
 180 3.60921E+06  0.12312 % a
 181 3.04857E+06  0.17562 % a
 182 2.67213E+06  0.14381 % a
 183 3.26462E+06  0.12577 % a
 184 2.30152E+06  0.16802 % a
 185 1.96162E+06  0.12259 % a
 186 2.01803E+06  0.19469 % a
 199 1.36009E+06  0.22362 % a
 200 1.80412E+06  0.12718 % a
 202 3.91290E+06  0.10559 % a
 203 4.87482E+06  0.13294 % a
 204 4.22597E+06  0.18085 % a
 205 5.09556E+06  0.15924 % a
 207 4.02572E+06  0.09029 % a
 208 4.03823E+06  0.07362 % a
 209 3.92107E+06  0.09313 % a
 210 2.78609E+06  0.08540 % a
 212 2.59882E+06  0.18219 % a
 213 1.72799E+06  0.21656 % a
 225 1.33009E+06  0.21874 % a
 226 1.92473E+06  0.12982 % a
 227 2.71607E+06  0.19947 % a
 228 3.66222E+06  0.10663 % a
 229 4.66780E+06  0.10542 % a
 230 4.32572E+06  0.11548 % a
 231 4.78136E+06  0.10855 % a
 232 5.55403E+06  0.07797 % a
 233 5.00093E+06  0.08300 % a
 234 4.62115E+06  0.08760 % a
 235 5.08583E+06  0.09571 % a
 236 3.42000E+06  0.07665 % a
 237 3.10432E+06  0.12360 % a
 238 2.56304E+06  0.10387 % a
 239 2.83420E+06  0.16274 % a
 240 1.98735E+06  0.19273 % a
 251 1.93345E+06  0.27918 % a
 252 1.96030E+06  0.11967 % a
 253 2.40982E+06  0.10391 % a
 254 3.10840E+06  0.19039 % a
 255 4.40893E+06  0.08108 % a
 256 5.72495E+06  0.11441 % a
 257 5.71846E+06  0.12651 % a
 258 4.77300E+06  0.13773 % a
 259 5.81205E+06  0.12105 % a
 260 6.04548E+06  0.09871 % a
 261 4.94199E+06  0.09090 % a
 262 4.35855E+06  0.08411 % a
 263 3.42343E+06  0.11084 % a
 264 3.50467E+06  0.17438 % a
 265 2.82512E+06  0.17259 % a
 266 2.28344E+06  0.15679 % a
 267 1.81810E+06  0.22979 % a
 277 1.03928E+06  0.22953 % a
 278 1.43180E+06  0.13998 % a
 279 2.51377E+06  0.07246 % a
 280 4.02892E+06  0.12479 % a
 282 5.07798E+06  0.09983 % a
 283 6.27181E+06  0.17499 % a
 285 6.52408E+06  0.10712 % a
 286 6.30902E+06  0.08224 % a
 288 4.74148E+06  0.13733 % a
 289 3.92604E+06  0.09196 % a
 291 3.85571E+06  0.19900 % a
 292 2.43352E+06  0.26070 % a
 293 2.29773E+06  0.25096 % a
 294 1.81616E+06  0.28867 % a
 303 9.02264E+05  0.10071 % a
 304 1.58250E+06  0.14171 % a
 306 3.14755E+06  0.05568 % a
 307 4.01438E+06  0.08204 % a
 308 3.92981E+06  0.11568 % a
 309 4.85275E+06  0.10603 % a
 310 5.95638E+06  0.16001 % a
 311 6.09342E+06  0.12244 % a
 312 5.83014E+06  0.07555 % a
 313 5.73261E+06  0.07503 % a
 314 5.32333E+06  0.13858 % a
 315 5.92685E+06  0.12639 % a
 316 5.02748E+06  0.13138 % a
 317 5.21482E+06  0.13429 % a
 318 3.83806E+06  0.12472 % a
 320 2.40619E+06  0.22129 % a
 321 1.30472E+06  0.21424 % a
 330 1.61053E+06  0.18992 % a
 331 1.89757E+06  0.14606 % a
 332 2.41605E+06  0.10591 % a
 333 2.39188E+06  0.12938 % a
 334 3.76161E+06  0.07934 % a
 335 4.12910E+06  0.09089 % a
 336 4.69452E+06  0.12607 % a
 337 6.62452E+06  0.11855 % a
 338 7.14917E+06  0.12059 % a
 339 5.85327E+06  0.06788 % a
 340 5.39902E+06  0.06949 % a
 341 5.91504E+06  0.05965 % a
 342 6.75416E+06  0.11440 % a
 343 6.02971E+06  0.09690 % a
 344 5.11237E+06  0.13969 % a
 345 3.90778E+06  0.17493 % a
 346 3.50423E+06  0.22269 % a
 347 2.11200E+06  0.28182 % a
 356 9.66579E+05  0.16384 % a
 357 1.96173E+06  0.18214 % a
 358 2.09108E+06  0.13884 % a
 359 2.33363E+06  0.10270 % a
 360 2.56096E+06  0.10953 % a
 361 3.89618E+06  0.10032 % a
 363 5.70409E+06  0.07868 % a
 364 6.74879E+06  0.08962 % a
 366 4.82654E+06  0.09880 % a
 367 5.36191E+06  0.09512 % a
 369 6.42556E+06  0.18229 % a
 370 5.24139E+06  0.14975 % a
 371 5.29642E+06  0.18723 % a
 372 3.46793E+06  0.21140 % a
 373 2.71164E+06  0.14622 % a
 374 1.70201E+06  0.16975 % a
 383 1.05116E+06  0.19036 % a
 384 1.45254E+06  0.10814 % a
 385 2.70191E+06  0.12184 % a
 386 2.93858E+06  0.08651 % a
 387 4.00349E+06  0.13942 % a
 388 4.05354E+06  0.11930 % a
 389 4.35807E+06  0.10752 % a
 390 5.54604E+06  0.06832 % a
 391 6.56282E+06  0.12864 % a
 392 5.29895E+06  0.09638 % a
 393 6.46553E+06  0.05162 % a
 394 6.07073E+06  0.07854 % a
 395 5.70166E+06  0.12002 % a
 396 5.76799E+06  0.17895 % a
 397 4.74857E+06  0.15241 % a
 398 4.20639E+06  0.14123 % a
 399 3.24477E+06  0.12443 % a
 400 1.63450E+06  0.14487 % a
 409 6.50611E+05  0.16087 % a
 410 1.34544E+06  0.14992 % a
 412 2.41341E+06  0.08463 % a
 413 3.26389E+06  0.07904 % a
 414 4.22158E+06  0.13501 % a
 415 4.63863E+06  0.14965 % a
 416 5.10677E+06  0.09957 % a
 417 6.05353E+06  0.07169 % a
 418 6.41994E+06  0.10571 % a
 419 6.82376E+06  0.05258 % a
 420 6.07230E+06  0.05048 % a
 421 6.03828E+06  0.09310 % a
 422 4.87168E+06  0.15193 % a
 423 4.75549E+06  0.15523 % a
 424 5.58993E+06  0.09290 % a
 426 1.79636E+06  0.12635 % a
 427 5.80799E+05  0.11746 % a
 436 1.30093E+06  0.22693 % a
 437 1.93984E+06  0.25090 % a
 438 1.95863E+06  0.23044 % a
 439 2.44634E+06  0.23344 % a
 441 4.11944E+06  0.14546 % a
 442 5.01886E+06  0.14357 % a
 444 5.13222E+06  0.07911 % a
 445 5.35562E+06  0.10764 % a
 447 5.91067E+06  0.05627 % a
 448 5.48512E+06  0.09227 % a
 450 4.92925E+06  0.13148 % a
 451 4.01244E+06  0.17352 % a
 452 2.57571E+06  0.14115 % a
 453 1.26156E+06  0.18296 % a
 463 1.39508E+06  0.26019 % a
 464 1.65781E+06  0.20297 % a
 465 2.36533E+06  0.17808 % a
 466 3.60399E+06  0.18002 % a
 467 4.31814E+06  0.19221 % a
 468 4.46174E+06  0.17488 % a
 469 4.51093E+06  0.13529 % a
 470 3.26267E+06  0.10460 % a
 471 4.92977E+06  0.12692 % a
 472 4.65119E+06  0.07600 % a
 473 4.14131E+06  0.06169 % a
 474 5.36080E+06  0.06871 % a
 475 5.31666E+06  0.07546 % a
 476 4.91083E+06  0.09629 % a
 477 3.18463E+06  0.09837 % a
 478 2.73777E+06  0.08222 % a
 479 1.45541E+06  0.17031 % a
 490 9.53082E+05  0.18560 % a
 491 1.97844E+06  0.22140 % a
 492 2.78886E+06  0.23315 % a
 493 2.94674E+06  0.13497 % a
 494 3.74545E+06  0.15471 % a
 495 3.67175E+06  0.12113 % a
 496 4.19197E+06  0.12867 % a
 497 3.72040E+06  0.09030 % a
 498 4.13436E+06  0.07220 % a
 499 4.49239E+06  0.10170 % a
 500 4.40154E+06  0.09602 % a
 501 4.58893E+06  0.05635 % a
 502 3.43402E+06  0.07360 % a
 503 2.78181E+06  0.13090 % a
 504 2.34495E+06  0.15604 % a
 505 1.73282E+06  0.11043 % a
 517 1.45583E+06  0.13917 % a
 518 1.96780E+06  0.16701 % a
 520 2.59825E+06  0.16844 % a
 521 3.27268E+06  0.17584 % a
 522 3.28520E+06  0.07321 % a
 523 3.58347E+06  0.06396 % a
 525 3.68069E+06  0.07444 % a
 526 3.88649E+06  0.06909 % a
 527 3.10876E+06  0.07213 % a
 528 3.88774E+06  0.09451 % a
 530 1.92907E+06  0.19809 % a
 531 1.21411E+06  0.18505 % a
 544 1.09266E+06  0.18693 % a
 545 1.55961E+06  0.17091 % a
 546 2.58234E+06  0.17666 % a
 547 2.91582E+06  0.17519 % a
 548 2.73677E+06  0.13301 % a
 549 3.08528E+06  0.16595 % a
 550 2.62824E+06  0.17366 % a
 551 3.21604E+06  0.15377 % a
 552 3.69256E+06  0.09017 % a
 553 3.88721E+06  0.10253 % a
 554 2.32503E+06  0.07622 % a
 555 2.00054E+06  0.14405 % a
 556 1.78678E+06  0.29754 % a
 557 1.10668E+06  0.31866 % a
 571 7.29239E+05  0.15397 % a
 572 1.23258E+06  0.11954 % a
 573 2.56159E+06  0.15819 % a
 574 2.60566E+06  0.15050 % a
