
DETPwrCore = [
    1    1    1    1     1     1     1    1    1    1  9.50000E+08 0.00000 
];


DETpwr_U001 = [
    1    1    1    1     1     1     1    1    1    1  9.75152E+05 0.21429 
    2    1    1    1     2     1     1    1    1    1  1.04365E+06 0.11856 
    3    1    1    1     3     1     1    1    1    1  1.11277E+06 0.15729 
    4    1    1    1     4     1     1    1    1    1  9.57701E+05 0.13289 
    5    1    1    1     5     1     1    1    1    1  8.60448E+05 0.15403 
    6    1    1    1     6     1     1    1    1    1  1.06215E+06 0.20185 
];


DETpwr_U002 = [
    1    1    1    1     1     1     1    1    1    1  1.42238E+06 0.26142 
    2    1    1    1     2     1     1    1    1    1  1.97918E+06 0.19620 
    3    1    1    1     3     1     1    1    1    1  1.57212E+06 0.13589 
    4    1    1    1     4     1     1    1    1    1  1.21630E+06 0.14517 
    5    1    1    1     5     1     1    1    1    1  1.52573E+06 0.22441 
    6    1    1    1     6     1     1    1    1    1  9.78422E+05 0.20135 
];


DETpwr_U003 = [
    1    1    1    1     1     1     1    1    1    1  1.44441E+06 0.15794 
    2    1    1    1     2     1     1    1    1    1  1.75478E+06 0.07006 
    3    1    1    1     3     1     1    1    1    1  1.57957E+06 0.13903 
    4    1    1    1     4     1     1    1    1    1  1.42125E+06 0.14321 
    5    1    1    1     5     1     1    1    1    1  1.25117E+06 0.20252 
    6    1    1    1     6     1     1    1    1    1  1.02141E+06 0.12474 
];


DETpwr_U004 = [
    1    1    1    1     1     1     1    1    1    1  9.49523E+05 0.14059 
    2    1    1    1     2     1     1    1    1    1  1.44237E+06 0.19067 
    3    1    1    1     3     1     1    1    1    1  1.53999E+06 0.11367 
    4    1    1    1     4     1     1    1    1    1  1.86678E+06 0.09476 
    5    1    1    1     5     1     1    1    1    1  1.59242E+06 0.15215 
    6    1    1    1     6     1     1    1    1    1  1.04033E+06 0.12350 
];


DETpwr_U005 = [
    1    1    1    1     1     1     1    1    1    1  8.27799E+05 0.14493 
    2    1    1    1     2     1     1    1    1    1  1.77826E+06 0.17768 
    3    1    1    1     3     1     1    1    1    1  1.90425E+06 0.08717 
    4    1    1    1     4     1     1    1    1    1  2.21130E+06 0.16618 
    5    1    1    1     5     1     1    1    1    1  1.91410E+06 0.07072 
    6    1    1    1     6     1     1    1    1    1  8.61556E+05 0.19064 
];


DETpwr_U006 = [
    1    1    1    1     1     1     1    1    1    1  8.74942E+05 0.17121 
    2    1    1    1     2     1     1    1    1    1  1.25101E+06 0.17109 
    3    1    1    1     3     1     1    1    1    1  2.05031E+06 0.15419 
    4    1    1    1     4     1     1    1    1    1  1.67763E+06 0.15599 
    5    1    1    1     5     1     1    1    1    1  1.55557E+06 0.12843 
    6    1    1    1     6     1     1    1    1    1  1.25550E+06 0.13446 
];


DETpwr_U007 = [
    1    1    1    1     1     1     1    1    1    1  8.83080E+05 0.16577 
    2    1    1    1     2     1     1    1    1    1  9.51261E+05 0.17949 
    3    1    1    1     3     1     1    1    1    1  1.04333E+06 0.17704 
    4    1    1    1     4     1     1    1    1    1  1.05683E+06 0.13889 
    5    1    1    1     5     1     1    1    1    1  1.12501E+06 0.14958 
    6    1    1    1     6     1     1    1    1    1  9.42018E+05 0.13248 
];


DETpwr_U008 = [
    1    1    1    1     1     1     1    1    1    1  1.38416E+06 0.14774 
    2    1    1    1     2     1     1    1    1    1  1.92487E+06 0.19274 
    3    1    1    1     3     1     1    1    1    1  1.66118E+06 0.15058 
    4    1    1    1     4     1     1    1    1    1  1.77867E+06 0.08365 
    5    1    1    1     5     1     1    1    1    1  1.57988E+06 0.10121 
    6    1    1    1     6     1     1    1    1    1  1.43139E+06 0.16112 
];


DETpwr_U009 = [
    1    1    1    1     1     1     1    1    1    1  1.32817E+06 0.16777 
    2    1    1    1     2     1     1    1    1    1  1.38719E+06 0.11514 
    3    1    1    1     3     1     1    1    1    1  1.56113E+06 0.16201 
    4    1    1    1     4     1     1    1    1    1  1.70764E+06 0.08949 
    5    1    1    1     5     1     1    1    1    1  1.19673E+06 0.12895 
    6    1    1    1     6     1     1    1    1    1  1.14919E+06 0.10079 
];


DETpwr_U010 = [
    1    1    1    1     1     1     1    1    1    1  1.98328E+06 0.22010 
    2    1    1    1     2     1     1    1    1    1  2.76976E+06 0.11256 
    3    1    1    1     3     1     1    1    1    1  2.31100E+06 0.06137 
    4    1    1    1     4     1     1    1    1    1  2.48259E+06 0.10282 
    5    1    1    1     5     1     1    1    1    1  2.14417E+06 0.07852 
    6    1    1    1     6     1     1    1    1    1  1.80600E+06 0.08174 
];


DETpwr_U011 = [
    1    1    1    1     1     1     1    1    1    1  1.87456E+06 0.08738 
    2    1    1    1     2     1     1    1    1    1  3.16019E+06 0.11434 
    3    1    1    1     3     1     1    1    1    1  2.82906E+06 0.10933 
    4    1    1    1     4     1     1    1    1    1  3.24663E+06 0.08125 
    5    1    1    1     5     1     1    1    1    1  2.60048E+06 0.05491 
    6    1    1    1     6     1     1    1    1    1  1.90189E+06 0.13517 
];


DETpwr_U012 = [
    1    1    1    1     1     1     1    1    1    1  1.15951E+06 0.15519 
    2    1    1    1     2     1     1    1    1    1  2.08413E+06 0.06917 
    3    1    1    1     3     1     1    1    1    1  2.71021E+06 0.10823 
    4    1    1    1     4     1     1    1    1    1  2.33008E+06 0.18823 
    5    1    1    1     5     1     1    1    1    1  1.74973E+06 0.08256 
    6    1    1    1     6     1     1    1    1    1  1.26777E+06 0.10728 
];


DETpwr_U013 = [
    1    1    1    1     1     1     1    1    1    1  1.39723E+06 0.11889 
    2    1    1    1     2     1     1    1    1    1  2.10302E+06 0.10982 
    3    1    1    1     3     1     1    1    1    1  2.50858E+06 0.12431 
    4    1    1    1     4     1     1    1    1    1  2.96667E+06 0.14313 
    5    1    1    1     5     1     1    1    1    1  2.59750E+06 0.20564 
    6    1    1    1     6     1     1    1    1    1  1.41406E+06 0.18216 
];


DETpwr_U014 = [
    1    1    1    1     1     1     1    1    1    1  1.40383E+06 0.16585 
    2    1    1    1     2     1     1    1    1    1  2.48330E+06 0.09692 
    3    1    1    1     3     1     1    1    1    1  2.89520E+06 0.07817 
    4    1    1    1     4     1     1    1    1    1  3.03327E+06 0.11654 
    5    1    1    1     5     1     1    1    1    1  2.31761E+06 0.15235 
    6    1    1    1     6     1     1    1    1    1  1.41657E+06 0.09674 
];


DETpwr_U015 = [
    1    1    1    1     1     1     1    1    1    1  1.92654E+06 0.09355 
    2    1    1    1     2     1     1    1    1    1  1.98009E+06 0.08061 
    3    1    1    1     3     1     1    1    1    1  2.22263E+06 0.09448 
    4    1    1    1     4     1     1    1    1    1  2.41667E+06 0.10535 
    5    1    1    1     5     1     1    1    1    1  2.59234E+06 0.11445 
    6    1    1    1     6     1     1    1    1    1  1.62683E+06 0.20199 
];


DETpwr_U016 = [
    1    1    1    1     1     1     1    1    1    1  1.70904E+06 0.14982 
    2    1    1    1     2     1     1    1    1    1  2.82987E+06 0.15387 
    3    1    1    1     3     1     1    1    1    1  2.87389E+06 0.11003 
    4    1    1    1     4     1     1    1    1    1  2.17249E+06 0.07408 
    5    1    1    1     5     1     1    1    1    1  2.04452E+06 0.15650 
    6    1    1    1     6     1     1    1    1    1  1.45284E+06 0.20263 
];


