
DET1 = [
    1    1    1    1     1     1     1    1    1    1  1.58438E+05 1.00000 
    2    1    1    1     1     1     1    2    1    1  1.40890E+05 0.71875 
    3    1    1    1     1     1     1    3    1    1  0.00000E+00 0.00000 
    4    1    1    1     1     1     1    4    1    1  0.00000E+00 0.00000 
    5    1    1    1     1     1     1    5    1    1  0.00000E+00 0.00000 
    6    1    1    1     1     1     1    6    1    1  0.00000E+00 0.00000 
    7    1    1    1     1     1     1    7    1    1  5.39587E+07 1.00000 
    8    1    1    1     1     1     1    8    1    1  0.00000E+00 0.00000 
    9    1    1    1     1     1     1    9    1    1  0.00000E+00 0.00000 
   10    1    1    1     1     1     1   10    1    1  0.00000E+00 0.00000 
   11    1    1    1     1     1     1   11    1    1  2.04091E+07 1.00000 
   12    1    1    1     1     1     1   12    1    1  0.00000E+00 0.00000 
   13    1    1    1     1     1     1   13    1    1  0.00000E+00 0.00000 
   14    1    1    1     1     1     1   14    1    1  0.00000E+00 0.00000 
   15    1    1    1     1     1     1   15    1    1  0.00000E+00 0.00000 
   16    1    1    1     1     1     1   16    1    1  0.00000E+00 0.00000 
   17    1    1    1     1     1     1   17    1    1  3.62430E+07 0.88684 
   18    1    1    1     1     1     1   18    1    1  0.00000E+00 0.00000 
   19    1    1    1     1     1     1   19    1    1  0.00000E+00 0.00000 
   20    1    1    1     1     1     1   20    1    1  2.34293E+05 1.00000 
   21    1    1    1     1     1     1   21    1    1  0.00000E+00 0.00000 
   22    1    1    1     1     1     1   22    1    1  0.00000E+00 0.00000 
   23    1    1    1     1     1     1   23    1    1  0.00000E+00 0.00000 
   24    1    1    1     1     1     1   24    1    1  0.00000E+00 0.00000 
   25    1    1    1     1     1     1   25    1    1  0.00000E+00 0.00000 
   26    1    1    1     1     1     1   26    1    1  0.00000E+00 0.00000 
   27    1    1    1     1     1     1   27    1    1  0.00000E+00 0.00000 
   28    1    1    1     1     1     1   28    1    1  0.00000E+00 0.00000 
   29    1    1    1     1     1     1   29    1    1  0.00000E+00 0.00000 
   30    1    1    1     1     1     1   30    1    1  0.00000E+00 0.00000 
   31    1    1    1     1     1     1   31    1    1  0.00000E+00 0.00000 
   32    1    1    1     1     1     1   32    1    1  4.93741E+07 1.00000 
   33    1    1    1     1     1     1   33    1    1  0.00000E+00 0.00000 
   34    1    1    1     1     1     1   34    1    1  0.00000E+00 0.00000 
   35    1    1    1     1     1     1   35    1    1  0.00000E+00 0.00000 
   36    1    1    1     1     1     1   36    1    1  2.29141E+06 1.00000 
   37    1    1    1     1     1     1   37    1    1  1.29000E+06 1.00000 
   38    1    1    1     1     1     1   38    1    1  4.96444E+07 1.00000 
   39    1    1    1     1     1     1   39    1    1  6.86429E+06 1.00000 
   40    1    1    1     1     1     1   40    1    1  0.00000E+00 0.00000 
   41    1    1    1     1     1     1   41    1    1  6.94903E+07 0.97007 
   42    1    1    1     1     1     1   42    1    1  9.91778E+07 0.92111 
   43    1    1    1     1     1     1   43    1    1  5.65038E+07 1.00000 
   44    1    1    1     1     1     1   44    1    1  0.00000E+00 0.00000 
   45    1    1    1     1     1     1   45    1    1  0.00000E+00 0.00000 
   46    1    1    1     1     1     1   46    1    1  0.00000E+00 0.00000 
   47    1    1    1     1     1     1   47    1    1  6.87142E+05 1.00000 
   48    1    1    1     1     1     1   48    1    1  5.01936E+06 1.00000 
   49    1    1    1     1     1     1   49    1    1  2.88795E+07 0.61267 
   50    1    1    1     1     1     1   50    1    1  7.50906E+07 0.76013 
   51    1    1    1     1     1     1   51    1    1  1.11448E+08 0.99887 
   52    1    1    1     1     1     1   52    1    1  8.50592E+05 1.00000 
   53    1    1    1     1     1     1   53    1    1  3.78716E+07 0.98989 
   54    1    1    1     1     1     1   54    1    1  9.40429E+07 0.95566 
   55    1    1    1     1     1     1   55    1    1  8.25817E+06 0.72285 
   56    1    1    1     1     1     1   56    1    1  5.15853E+07 0.91562 
   57    1    1    1     1     1     1   57    1    1  4.35843E+06 1.00000 
   58    1    1    1     1     1     1   58    1    1  7.39191E+06 0.64627 
   59    1    1    1     1     1     1   59    1    1  7.54744E+07 1.00000 
   60    1    1    1     1     1     1   60    1    1  0.00000E+00 0.00000 
   61    1    1    1     1     1     1   61    1    1  3.69345E+05 1.00000 
   62    1    1    1     1     1     1   62    1    1  0.00000E+00 0.00000 
   63    1    1    1     1     1     1   63    1    1  0.00000E+00 0.00000 
   64    1    1    1     1     1     1   64    1    1  2.12535E+06 0.59573 
   65    1    1    1     1     1     1   65    1    1  0.00000E+00 0.00000 
   66    1    1    1     1     1     1   66    1    1  0.00000E+00 0.00000 
   67    1    1    1     1     1     1   67    1    1  1.93266E+07 0.95867 
   68    1    1    1     1     1     1   68    1    1  0.00000E+00 0.00000 
   69    1    1    1     1     1     1   69    1    1  5.64623E+05 1.00000 
   70    1    1    1     1     1     1   70    1    1  2.03720E+06 1.00000 
   71    1    1    1     1     1     1   71    1    1  0.00000E+00 0.00000 
   72    1    1    1     1     1     1   72    1    1  8.53306E+05 1.00000 
   73    1    1    1     1     1     1   73    1    1  7.20706E+05 1.00000 
   74    1    1    1     1     1     1   74    1    1  0.00000E+00 0.00000 
   75    1    1    1     1     1     1   75    1    1  2.75719E+06 1.00000 
   76    1    1    1     1     1     1   76    1    1  0.00000E+00 0.00000 
   77    1    1    1     1     1     1   77    1    1  0.00000E+00 0.00000 
   78    1    1    1     1     1     1   78    1    1  2.01222E+07 1.00000 
   79    1    1    1     1     1     1   79    1    1  0.00000E+00 0.00000 
   80    1    1    1     1     1     1   80    1    1  0.00000E+00 0.00000 
   81    1    1    1     1     1     1   81    1    1  9.25168E+05 1.00000 
   82    1    1    1     1     1     1   82    1    1  0.00000E+00 0.00000 
   83    1    1    1     1     1     1   83    1    1  0.00000E+00 0.00000 
   84    1    1    1     1     1     1   84    1    1  0.00000E+00 0.00000 
   85    1    1    1     1     1     1   85    1    1  0.00000E+00 0.00000 
   86    1    1    1     1     1     1   86    1    1  1.23163E+06 1.00000 
   87    1    1    1     1     1     1   87    1    1  0.00000E+00 0.00000 
   88    1    1    1     1     1     1   88    1    1  3.86070E+06 1.00000 
   89    1    1    1     1     1     1   89    1    1  0.00000E+00 0.00000 
   90    1    1    1     1     1     1   90    1    1  0.00000E+00 0.00000 
   91    1    1    1     1     1     1   91    1    1  0.00000E+00 0.00000 
   92    1    1    1     1     1     1   92    1    1  0.00000E+00 0.00000 
   93    1    1    1     1     1     1   93    1    1  0.00000E+00 0.00000 
   94    1    1    1     1     1     1   94    1    1  0.00000E+00 0.00000 
   95    1    1    1     1     1     1   95    1    1  3.61355E+05 1.00000 
   96    1    1    1     1     1     1   96    1    1  0.00000E+00 0.00000 
   97    1    1    1     1     1     1   97    1    1  3.98101E+06 1.00000 
   98    1    1    1     1     1     1   98    1    1  0.00000E+00 0.00000 
   99    1    1    1     1     1     1   99    1    1  0.00000E+00 0.00000 
  100    1    1    1     1     1     1  100    1    1  0.00000E+00 0.00000 
];


DET1X = [
 6.30000E-01  1.89000E+00  1.26000E+00
];

DET1Y = [
-6.30000E-01  6.30000E-01  0.00000E+00
];

