
ZAI = [
922350
942390
641550
641570
666
0
];

NAMES = [
'U235            '
'Pu239           '
'Gd155           '
'Gd157           '
'lost            '
'total           '
];

i922350 = 1; iU235             = 1;
i942390 = 2; iPu239            = 2;
i641550 = 3; iGd155            = 3;
i641570 = 4; iGd157            = 4;
iLOST    = 5;
iTOT     = 6;

MAT_fuelNoGad_VOLUME = [ 1.21211E+02 1.21211E+02 1.21211E+02 1.21211E+02 1.21211E+02 1.21211E+02 1.21211E+02 1.21211E+02 1.21211E+02 1.21211E+02 1.21211E+02 1.21211E+02 1.21211E+02 ];

MAT_fuelNoGad_BURNUP = [ 0.00000E+00 1.06900E-01 5.34326E-01 1.06820E+00 3.19877E+00 5.31968E+00 7.42950E+00 9.52733E+00 1.16119E+01 1.36846E+01 1.57499E+01 1.78111E+01 1.98680E+01 ];

MAT_fuelNoGad_ADENS = [
6.98344E-04 6.95392E-04 6.83739E-04 6.69535E-04 6.16431E-04 5.68257E-04 5.24098E-04 4.83279E-04 4.45349E-04 4.09925E-04 3.76793E-04 3.45767E-04 3.16767E-04 % U235
0.00000E+00 4.93378E-07 5.88449E-06 1.31380E-05 3.77430E-05 5.65720E-05 7.12374E-05 8.25191E-05 9.10816E-05 9.75288E-05 1.02655E-04 1.06845E-04 1.10251E-04 % Pu239
0.00000E+00 5.28560E-13 1.01652E-11 3.00366E-11 1.09646E-10 1.72352E-10 2.35824E-10 3.06337E-10 3.85654E-10 4.73688E-10 5.76801E-10 6.86598E-10 8.08741E-10 % Gd155
0.00000E+00 1.24374E-10 3.60849E-10 4.53648E-10 7.40809E-10 9.61983E-10 1.14962E-09 1.30444E-09 1.43448E-09 1.54661E-09 1.69968E-09 1.84181E-09 2.00088E-09 % Gd157
0.00000E+00 1.88901E-13 9.53016E-13 1.90319E-12 5.65632E-12 9.36543E-12 1.30230E-11 1.66252E-11 2.01556E-11 2.36235E-11 2.71153E-11 3.06441E-11 3.42256E-11 % lost data
6.89786E-02 6.89811E-02 6.89915E-02 6.90045E-02 6.90561E-02 6.91074E-02 6.91583E-02 6.92088E-02 6.92590E-02 6.93089E-02 6.93585E-02 6.94079E-02 6.94572E-02 % total
];

MAT_fuelNoGad_MDENS = [
2.72568E-01 2.71416E-01 2.66868E-01 2.61323E-01 2.40597E-01 2.21794E-01 2.04559E-01 1.88627E-01 1.73822E-01 1.59996E-01 1.47065E-01 1.34955E-01 1.23636E-01 % U235
0.00000E+00 1.95852E-04 2.33592E-03 5.21529E-03 1.49825E-02 2.24569E-02 2.82785E-02 3.27569E-02 3.61559E-02 3.87152E-02 4.07500E-02 4.24135E-02 4.37656E-02 % Pu239
0.00000E+00 1.35977E-10 2.61510E-09 7.72721E-09 2.82074E-08 4.43393E-08 6.06680E-08 7.88080E-08 9.92132E-08 1.21861E-07 1.48388E-07 1.76634E-07 2.08056E-07 % Gd155
0.00000E+00 3.24098E-08 9.40311E-08 1.18213E-07 1.93042E-07 2.50676E-07 2.99571E-07 3.39915E-07 3.73801E-07 4.03020E-07 4.42907E-07 4.79943E-07 5.21395E-07 % Gd157
0.00000E+00 0.00000E+00 0.00000E+00 0.00000E+00 0.00000E+00 0.00000E+00 0.00000E+00 0.00000E+00 0.00000E+00 0.00000E+00 0.00000E+00 0.00000E+00 0.00000E+00 % lost data
1.03070E+01 1.03070E+01 1.03070E+01 1.03070E+01 1.03069E+01 1.03068E+01 1.03068E+01 1.03067E+01 1.03067E+01 1.03066E+01 1.03065E+01 1.03065E+01 1.03064E+01 % total
];

MAT_fuelNoGad_A = [
2.64096E+06 2.62979E+06 2.58573E+06 2.53201E+06 2.33118E+06 2.14900E+06 1.98200E+06 1.82764E+06 1.68420E+06 1.55023E+06 1.42493E+06 1.30760E+06 1.19793E+06 % U235
0.00000E+00 5.44812E+07 6.49794E+08 1.45076E+09 4.16777E+09 6.24695E+09 7.86637E+09 9.11216E+09 1.00577E+10 1.07696E+10 1.13356E+10 1.17984E+10 1.21745E+10 % Pu239
0.00000E+00 0.00000E+00 0.00000E+00 0.00000E+00 0.00000E+00 0.00000E+00 0.00000E+00 0.00000E+00 0.00000E+00 0.00000E+00 0.00000E+00 0.00000E+00 0.00000E+00 % Gd155
0.00000E+00 0.00000E+00 0.00000E+00 0.00000E+00 0.00000E+00 0.00000E+00 0.00000E+00 0.00000E+00 0.00000E+00 0.00000E+00 0.00000E+00 0.00000E+00 0.00000E+00 % Gd157
0.00000E+00 0.00000E+00 0.00000E+00 0.00000E+00 0.00000E+00 0.00000E+00 0.00000E+00 0.00000E+00 0.00000E+00 0.00000E+00 0.00000E+00 0.00000E+00 0.00000E+00 % lost data
1.59256E+07 7.54680E+15 8.29516E+15 8.45296E+15 8.61421E+15 8.63936E+15 8.62788E+15 8.59171E+15 8.54469E+15 8.51796E+15 8.54452E+15 8.56551E+15 8.59386E+15 % total
];

MAT_fuelNoGad_H = [
1.95174E-06 1.94349E-06 1.91092E-06 1.87122E-06 1.72280E-06 1.58817E-06 1.46475E-06 1.35067E-06 1.24466E-06 1.14566E-06 1.05306E-06 9.66352E-07 8.85302E-07 % U235
0.00000E+00 4.57503E-05 5.45661E-04 1.21827E-03 3.49986E-03 5.24584E-03 6.60574E-03 7.65188E-03 8.44588E-03 9.04371E-03 9.51904E-03 9.90761E-03 1.02235E-02 % Pu239
0.00000E+00 0.00000E+00 0.00000E+00 0.00000E+00 0.00000E+00 0.00000E+00 0.00000E+00 0.00000E+00 0.00000E+00 0.00000E+00 0.00000E+00 0.00000E+00 0.00000E+00 % Gd155
0.00000E+00 0.00000E+00 0.00000E+00 0.00000E+00 0.00000E+00 0.00000E+00 0.00000E+00 0.00000E+00 0.00000E+00 0.00000E+00 0.00000E+00 0.00000E+00 0.00000E+00 % Gd157
0.00000E+00 0.00000E+00 0.00000E+00 0.00000E+00 0.00000E+00 0.00000E+00 0.00000E+00 0.00000E+00 0.00000E+00 0.00000E+00 0.00000E+00 0.00000E+00 0.00000E+00 % lost data
1.10514E-05 2.60147E+03 2.66573E+03 2.67446E+03 2.64930E+03 2.61684E+03 2.58457E+03 2.55424E+03 2.52517E+03 2.50323E+03 2.49152E+03 2.48066E+03 2.47145E+03 % total
];

MAT_fuelNoGad_SF = [
1.90149E-04 1.89345E-04 1.86172E-04 1.82305E-04 1.67845E-04 1.54728E-04 1.42704E-04 1.31590E-04 1.21262E-04 1.11617E-04 1.02595E-04 9.41473E-05 8.62509E-05 % U235
0.00000E+00 1.68892E-04 2.01436E-03 4.49737E-03 1.29201E-02 1.93656E-02 2.43858E-02 2.82477E-02 3.11788E-02 3.33857E-02 3.51405E-02 3.65749E-02 3.77409E-02 % Pu239
0.00000E+00 0.00000E+00 0.00000E+00 0.00000E+00 0.00000E+00 0.00000E+00 0.00000E+00 0.00000E+00 0.00000E+00 0.00000E+00 0.00000E+00 0.00000E+00 0.00000E+00 % Gd155
0.00000E+00 0.00000E+00 0.00000E+00 0.00000E+00 0.00000E+00 0.00000E+00 0.00000E+00 0.00000E+00 0.00000E+00 0.00000E+00 0.00000E+00 0.00000E+00 0.00000E+00 % Gd157
0.00000E+00 0.00000E+00 0.00000E+00 0.00000E+00 0.00000E+00 0.00000E+00 0.00000E+00 0.00000E+00 0.00000E+00 0.00000E+00 0.00000E+00 0.00000E+00 0.00000E+00 % lost data
7.25343E+02 7.25326E+02 7.26732E+02 7.32172E+02 8.01235E+02 1.05906E+03 1.82078E+03 3.52803E+03 6.66715E+03 1.17104E+04 1.92421E+04 2.98159E+04 4.41070E+04 % total
];

MAT_fuelNoGad_GSRC = [
3.20913E+06 3.19556E+06 3.14201E+06 3.07674E+06 2.83271E+06 2.61133E+06 2.40841E+06 2.22083E+06 2.04653E+06 1.88374E+06 1.73149E+06 1.58892E+06 1.45565E+06 % U235
0.00000E+00 2.39074E+06 2.85142E+07 6.36623E+07 1.82890E+08 2.74128E+08 3.45192E+08 3.99859E+08 4.41350E+08 4.72591E+08 4.97429E+08 5.17735E+08 5.34240E+08 % Pu239
0.00000E+00 0.00000E+00 0.00000E+00 0.00000E+00 0.00000E+00 0.00000E+00 0.00000E+00 0.00000E+00 0.00000E+00 0.00000E+00 0.00000E+00 0.00000E+00 0.00000E+00 % Gd155
0.00000E+00 0.00000E+00 0.00000E+00 0.00000E+00 0.00000E+00 0.00000E+00 0.00000E+00 0.00000E+00 0.00000E+00 0.00000E+00 0.00000E+00 0.00000E+00 0.00000E+00 % Gd157
0.00000E+00 0.00000E+00 0.00000E+00 0.00000E+00 0.00000E+00 0.00000E+00 0.00000E+00 0.00000E+00 0.00000E+00 0.00000E+00 0.00000E+00 0.00000E+00 0.00000E+00 % lost data
4.17503E+06 6.30740E+15 7.27973E+15 7.42062E+15 7.51508E+15 7.51107E+15 7.48845E+15 7.44625E+15 7.39627E+15 7.36721E+15 7.39391E+15 7.41420E+15 7.44263E+15 % total
];

MAT_fuelNoGad_ING_TOX = [
1.24125E-01 1.23600E-01 1.21529E-01 1.19004E-01 1.09566E-01 1.01003E-01 9.31542E-02 8.58989E-02 7.91572E-02 7.28608E-02 6.69719E-02 6.14573E-02 5.63027E-02 % U235
0.00000E+00 1.36203E+01 1.62448E+02 3.62691E+02 1.04194E+03 1.56174E+03 1.96659E+03 2.27804E+03 2.51442E+03 2.69240E+03 2.83391E+03 2.94959E+03 3.04362E+03 % Pu239
0.00000E+00 0.00000E+00 0.00000E+00 0.00000E+00 0.00000E+00 0.00000E+00 0.00000E+00 0.00000E+00 0.00000E+00 0.00000E+00 0.00000E+00 0.00000E+00 0.00000E+00 % Gd155
0.00000E+00 0.00000E+00 0.00000E+00 0.00000E+00 0.00000E+00 0.00000E+00 0.00000E+00 0.00000E+00 0.00000E+00 0.00000E+00 0.00000E+00 0.00000E+00 0.00000E+00 % Gd157
0.00000E+00 0.00000E+00 0.00000E+00 0.00000E+00 0.00000E+00 0.00000E+00 0.00000E+00 0.00000E+00 0.00000E+00 0.00000E+00 0.00000E+00 0.00000E+00 0.00000E+00 % lost data
7.21935E-01 1.77718E+06 2.95616E+06 3.37316E+06 3.80644E+06 3.95276E+06 4.03950E+06 4.09365E+06 4.13091E+06 4.16831E+06 4.22344E+06 4.27516E+06 4.32862E+06 % total
];

