HIS_TIME = [
   1  2.07200E+01
   2  2.09030E+01
   3  2.10290E+01
   4  2.12380E+01
   5  2.14590E+01
   6  2.16830E+01
   7  2.18570E+01
   8  2.21070E+01
   9  2.22950E+01
  10  2.25260E+01
  11  2.29250E+01
  12  2.33610E+01
  13  2.37440E+01
  14  2.41700E+01
  15  2.45800E+01
  16  2.49770E+01
  17  2.51870E+01
  18  2.53480E+01
  19  2.54870E+01
  20  2.57430E+01

% ----- Begin active cycles -----

   1  2.63620E+01
   2  2.70480E+01
   3  2.75920E+01
   4  2.81900E+01
   5  2.88150E+01
   6  2.93660E+01
   7  2.99330E+01
   8  3.02250E+01
   9  3.04420E+01
  10  3.06590E+01
  11  3.08660E+01
  12  3.11200E+01
  13  3.13960E+01
  14  3.15930E+01
  15  3.17950E+01
  16  3.19940E+01
  17  3.22050E+01
  18  3.24010E+01
  19  3.26090E+01
  20  3.28060E+01
  21  3.30060E+01
  22  3.32190E+01
  23  3.34080E+01
  24  3.36600E+01
  25  3.38580E+01
  26  3.41420E+01
  27  3.43970E+01
  28  3.46020E+01
  29  3.48000E+01
  30  3.50110E+01
  31  3.52190E+01
  32  3.54250E+01
  33  3.56320E+01
  34  3.58430E+01
  35  3.60360E+01
  36  3.62300E+01
  37  3.64310E+01
  38  3.66360E+01
  39  3.68460E+01
  40  3.70540E+01
  41  3.72580E+01
  42  3.74610E+01
  43  3.76660E+01
  44  3.78680E+01
  45  3.80810E+01
  46  3.82800E+01
  47  3.84800E+01
  48  3.86800E+01
  49  3.88860E+01
  50  3.96300E+01
  51  3.98900E+01
  52  4.01480E+01
  53  4.04050E+01
  54  4.06710E+01
  55  4.09040E+01
  56  4.11500E+01
  57  4.13830E+01
  58  4.16430E+01
  59  4.19070E+01
  60  4.21570E+01
  61  4.24220E+01
  62  4.26620E+01
  63  4.29350E+01
  64  4.31980E+01
  65  4.34400E+01
  66  4.36870E+01
  67  4.39170E+01
  68  4.41850E+01
  69  4.44370E+01
  70  4.47010E+01
  71  4.49000E+01
  72  4.51330E+01
  73  4.53820E+01
  74  4.56700E+01
  75  4.60260E+01
  76  4.62540E+01
  77  4.65450E+01
  78  4.67760E+01
  79  4.70030E+01
  80  4.72200E+01
  81  4.74250E+01
  82  4.76330E+01
  83  4.78230E+01
  84  4.80150E+01
  85  4.82120E+01
  86  4.83990E+01
  87  4.85950E+01
  88  4.87920E+01
  89  4.89870E+01
  90  4.91760E+01
  91  4.93870E+01
  92  4.95800E+01
  93  4.97660E+01
  94  4.99700E+01
  95  5.01610E+01
  96  5.03530E+01
  97  5.05470E+01
  98  5.07300E+01
  99  5.09400E+01
 100  5.15750E+01
];

HIS_IMP_KEFF = [
   1  1.40159E+00 1.40159E+00 0.00134  
   2  1.40049E+00 1.40104E+00 0.00089  
   3  1.40095E+00 1.40101E+00 0.00080  
   4  1.40487E+00 1.40197E+00 0.00070  
   5  1.40236E+00 1.40205E+00 0.00061  
   6  1.39904E+00 1.40155E+00 0.00057  
   7  1.39743E+00 1.40096E+00 0.00054  
   8  1.40135E+00 1.40101E+00 0.00050  
   9  1.39799E+00 1.40067E+00 0.00047  
  10  1.40352E+00 1.40096E+00 0.00045  
  11  1.39857E+00 1.40074E+00 0.00043  
  12  1.40132E+00 1.40079E+00 0.00041  
  13  1.40128E+00 1.40083E+00 0.00039  
  14  1.40060E+00 1.40081E+00 0.00038  
  15  1.39952E+00 1.40073E+00 0.00036  
  16  1.39693E+00 1.40049E+00 0.00035  
  17  1.39847E+00 1.40037E+00 0.00034  
  18  1.39939E+00 1.40031E+00 0.00033  
  19  1.39756E+00 1.40017E+00 0.00032  
  20  1.40160E+00 1.40024E+00 0.00031  

% ----- Begin active cycles -----

   1  1.40225E+00 1.40225E+00 0.00137  
   2  1.40063E+00 1.40144E+00 0.00093  
   3  1.39745E+00 1.40011E+00 0.00077  
   4  1.40091E+00 1.40031E+00 0.00066  
   5  1.39871E+00 1.39999E+00 0.00058  
   6  1.39860E+00 1.39976E+00 0.00053  
   7  1.39839E+00 1.39956E+00 0.00050  
   8  1.40170E+00 1.39983E+00 0.00047  
   9  1.40068E+00 1.39993E+00 0.00044  
  10  1.40003E+00 1.39994E+00 0.00042  
  11  1.40210E+00 1.40013E+00 0.00040  
  12  1.39822E+00 1.39997E+00 0.00039  
  13  1.39943E+00 1.39993E+00 0.00037  
  14  1.40198E+00 1.40008E+00 0.00036  
  15  1.39792E+00 1.39993E+00 0.00035  
  16  1.40105E+00 1.40000E+00 0.00034  
  17  1.39721E+00 1.39984E+00 0.00033  
  18  1.40238E+00 1.39998E+00 0.00032  
  19  1.40008E+00 1.39999E+00 0.00031  
  20  1.39924E+00 1.39995E+00 0.00031  
  21  1.40018E+00 1.39996E+00 0.00030  
  22  1.40171E+00 1.40004E+00 0.00029  
  23  1.39798E+00 1.39995E+00 0.00028  
  24  1.40354E+00 1.40010E+00 0.00028  
  25  1.40087E+00 1.40013E+00 0.00027  
  26  1.39715E+00 1.40002E+00 0.00027  
  27  1.39981E+00 1.40001E+00 0.00026  
  28  1.40364E+00 1.40014E+00 0.00025  
  29  1.39735E+00 1.40004E+00 0.00025  
  30  1.40137E+00 1.40009E+00 0.00024  
  31  1.40165E+00 1.40014E+00 0.00024  
  32  1.39990E+00 1.40013E+00 0.00024  
  33  1.40127E+00 1.40016E+00 0.00023  
  34  1.39960E+00 1.40015E+00 0.00023  
  35  1.39995E+00 1.40014E+00 0.00023  
  36  1.39871E+00 1.40010E+00 0.00022  
  37  1.40038E+00 1.40011E+00 0.00022  
  38  1.39911E+00 1.40008E+00 0.00022  
  39  1.40229E+00 1.40014E+00 0.00022  
  40  1.40192E+00 1.40018E+00 0.00021  
  41  1.40339E+00 1.40026E+00 0.00021  
  42  1.40034E+00 1.40026E+00 0.00021  
  43  1.40112E+00 1.40028E+00 0.00021  
  44  1.40068E+00 1.40029E+00 0.00021  
  45  1.39441E+00 1.40016E+00 0.00021  
  46  1.39999E+00 1.40016E+00 0.00020  
  47  1.39573E+00 1.40006E+00 0.00020  
  48  1.40025E+00 1.40007E+00 0.00020  
  49  1.39760E+00 1.40002E+00 0.00020  
  50  1.40093E+00 1.40004E+00 0.00020  
  51  1.39920E+00 1.40002E+00 0.00019  
  52  1.39761E+00 1.39997E+00 0.00019  
  53  1.39806E+00 1.39994E+00 0.00019  
  54  1.39936E+00 1.39993E+00 0.00019  
  55  1.39916E+00 1.39991E+00 0.00019  
  56  1.40031E+00 1.39992E+00 0.00019  
  57  1.40079E+00 1.39994E+00 0.00018  
  58  1.39981E+00 1.39993E+00 0.00018  
  59  1.40141E+00 1.39996E+00 0.00018  
  60  1.40198E+00 1.39999E+00 0.00018  
  61  1.39649E+00 1.39993E+00 0.00018  
  62  1.39856E+00 1.39991E+00 0.00018  
  63  1.40156E+00 1.39994E+00 0.00017  
  64  1.39762E+00 1.39990E+00 0.00017  
  65  1.40165E+00 1.39993E+00 0.00017  
  66  1.39892E+00 1.39991E+00 0.00017  
  67  1.39868E+00 1.39990E+00 0.00017  
  68  1.39807E+00 1.39987E+00 0.00017  
  69  1.40057E+00 1.39988E+00 0.00017  
  70  1.40108E+00 1.39990E+00 0.00017  
  71  1.39710E+00 1.39986E+00 0.00016  
  72  1.39953E+00 1.39985E+00 0.00016  
  73  1.40088E+00 1.39987E+00 0.00016  
  74  1.39879E+00 1.39985E+00 0.00016  
  75  1.39989E+00 1.39985E+00 0.00016  
  76  1.39998E+00 1.39985E+00 0.00016  
  77  1.40221E+00 1.39988E+00 0.00016  
  78  1.39929E+00 1.39988E+00 0.00016  
  79  1.39922E+00 1.39987E+00 0.00016  
  80  1.39948E+00 1.39986E+00 0.00016  
  81  1.40095E+00 1.39988E+00 0.00016  
  82  1.39843E+00 1.39986E+00 0.00015  
  83  1.40122E+00 1.39988E+00 0.00015  
  84  1.40299E+00 1.39991E+00 0.00015  
  85  1.39861E+00 1.39990E+00 0.00015  
  86  1.40029E+00 1.39990E+00 0.00015  
  87  1.40057E+00 1.39991E+00 0.00015  
  88  1.40165E+00 1.39993E+00 0.00015  
  89  1.40054E+00 1.39994E+00 0.00015  
  90  1.40499E+00 1.39999E+00 0.00015  
  91  1.40056E+00 1.40000E+00 0.00015  
  92  1.40137E+00 1.40001E+00 0.00015  
  93  1.39944E+00 1.40001E+00 0.00015  
  94  1.40217E+00 1.40003E+00 0.00015  
  95  1.40239E+00 1.40005E+00 0.00014  
  96  1.39633E+00 1.40002E+00 0.00014  
  97  1.40236E+00 1.40004E+00 0.00014  
  98  1.39852E+00 1.40002E+00 0.00014  
  99  1.40440E+00 1.40007E+00 0.00014  
 100  1.39772E+00 1.40005E+00 0.00014  
];

