
DET1_RBINS = 1;
DET1_CBINS = 1;
DET1_MBINS = 1;
DET1_UBINS = 1;
DET1_XBINS = 1;
DET1_YBINS = 1;
DET1_ZBINS = 1;
DET1_LBINS = 1;
DET1_EBINS = 1;
DET1_VALS  = 1;
DET1 = [
    1    1    1    1    1    1    1    1    1    1  7.31321E+13 0.00301 180494
];
DET1E = [
 1.00000E+00  2.00000E+01  1.00000E+00
];

DET2_RBINS = 1;
DET2_CBINS = 1;
DET2_MBINS = 1;
DET2_UBINS = 1;
DET2_XBINS = 1;
DET2_YBINS = 1;
DET2_ZBINS = 1;
DET2_LBINS = 144;
DET2_EBINS = 1;
DET2_VALS  = 144;
DET2 = [
    1    1    1    1    1    1    1    1    1    1  0.00000E+00 0.00000 0
    2    1    1    1    1    2    1    1    1    1  0.00000E+00 0.00000 0
    3    1    1    1    1    3    1    1    1    1  0.00000E+00 0.00000 0
    4    1    1    1    1    4    1    1    1    1  0.00000E+00 0.00000 0
    5    1    1    1    1    5    1    1    1    1  0.00000E+00 0.00000 0
    6    1    1    1    1    6    1    1    1    1  0.00000E+00 0.00000 0
    7    1    1    1    1    7    1    1    1    1  0.00000E+00 0.00000 0
    8    1    1    1    1    8    1    1    1    1  0.00000E+00 0.00000 0
    9    1    1    1    1    9    1    1    1    1  0.00000E+00 0.00000 0
   10    1    1    1    1   10    1    1    1    1  0.00000E+00 0.00000 0
   11    1    1    1    1   11    1    1    1    1  0.00000E+00 0.00000 0
   12    1    1    1    1   12    1    1    1    1  0.00000E+00 0.00000 0
   13    1    1    1    1   13    1    1    1    1  0.00000E+00 0.00000 0
   14    1    1    1    1   14    1    1    1    1  6.70547E+13 0.02597 1818
   15    1    1    1    1   15    1    1    1    1  7.13991E+13 0.02486 1934
   16    1    1    1    1   16    1    1    1    1  7.30871E+13 0.02396 1987
   17    1    1    1    1   17    1    1    1    1  7.13937E+13 0.02434 1931
   18    1    1    1    1   18    1    1    1    1  7.43569E+13 0.02285 2019
   19    1    1    1    1   19    1    1    1    1  7.20709E+13 0.02328 1951
   20    1    1    1    1   20    1    1    1    1  7.35702E+13 0.02411 1998
   21    1    1    1    1   21    1    1    1    1  7.18329E+13 0.02334 1946
   22    1    1    1    1   22    1    1    1    1  7.32478E+13 0.02269 1977
   23    1    1    1    1   23    1    1    1    1  6.87208E+13 0.02421 1861
   24    1    1    1    1   24    1    1    1    1  0.00000E+00 0.00000 0
   25    1    1    1    1   25    1    1    1    1  0.00000E+00 0.00000 0
   26    1    1    1    1   26    1    1    1    1  7.15705E+13 0.02362 1940
   27    1    1    1    1   27    1    1    1    1  7.67827E+13 0.02243 2073
   28    1    1    1    1   28    1    1    1    1  7.29552E+13 0.02167 1974
   29    1    1    1    1   29    1    1    1    1  7.64908E+13 0.02224 2073
   30    1    1    1    1   30    1    1    1    1  7.54674E+13 0.02281 2043
   31    1    1    1    1   31    1    1    1    1  7.68083E+13 0.02330 2091
   32    1    1    1    1   32    1    1    1    1  7.23362E+13 0.02369 1971
   33    1    1    1    1   33    1    1    1    1  7.06380E+13 0.02404 1916
   34    1    1    1    1   34    1    1    1    1  7.51427E+13 0.02338 2038
   35    1    1    1    1   35    1    1    1    1  7.24226E+13 0.02300 1959
   36    1    1    1    1   36    1    1    1    1  0.00000E+00 0.00000 0
   37    1    1    1    1   37    1    1    1    1  0.00000E+00 0.00000 0
   38    1    1    1    1   38    1    1    1    1  7.50405E+13 0.02365 2040
   39    1    1    1    1   39    1    1    1    1  7.51771E+13 0.02296 2045
   40    1    1    1    1   40    1    1    1    1  7.23551E+13 0.02417 1967
   41    1    1    1    1   41    1    1    1    1  7.57127E+13 0.02250 2052
   42    1    1    1    1   42    1    1    1    1  7.03882E+13 0.02377 1915
   43    1    1    1    1   43    1    1    1    1  7.68189E+13 0.02283 2070
   44    1    1    1    1   44    1    1    1    1  7.56506E+13 0.02213 2061
   45    1    1    1    1   45    1    1    1    1  7.51741E+13 0.02248 2036
   46    1    1    1    1   46    1    1    1    1  7.40171E+13 0.02322 2008
   47    1    1    1    1   47    1    1    1    1  7.32595E+13 0.02349 1996
   48    1    1    1    1   48    1    1    1    1  0.00000E+00 0.00000 0
   49    1    1    1    1   49    1    1    1    1  0.00000E+00 0.00000 0
   50    1    1    1    1   50    1    1    1    1  7.22425E+13 0.02351 1954
   51    1    1    1    1   51    1    1    1    1  7.59779E+13 0.02414 2066
   52    1    1    1    1   52    1    1    1    1  7.54688E+13 0.02257 2045
   53    1    1    1    1   53    1    1    1    1  7.43608E+13 0.02375 2021
   54    1    1    1    1   54    1    1    1    1  7.27046E+13 0.02305 1978
   55    1    1    1    1   55    1    1    1    1  7.21605E+13 0.02427 1953
   56    1    1    1    1   56    1    1    1    1  6.99994E+13 0.02414 1902
   57    1    1    1    1   57    1    1    1    1  7.03027E+13 0.02302 1913
   58    1    1    1    1   58    1    1    1    1  7.37182E+13 0.02416 2003
   59    1    1    1    1   59    1    1    1    1  7.28904E+13 0.02185 1981
   60    1    1    1    1   60    1    1    1    1  0.00000E+00 0.00000 0
   61    1    1    1    1   61    1    1    1    1  0.00000E+00 0.00000 0
   62    1    1    1    1   62    1    1    1    1  7.26020E+13 0.02338 1972
   63    1    1    1    1   63    1    1    1    1  7.76663E+13 0.02245 2095
   64    1    1    1    1   64    1    1    1    1  7.39312E+13 0.02329 2001
   65    1    1    1    1   65    1    1    1    1  7.21317E+13 0.02442 1968
   66    1    1    1    1   66    1    1    1    1  0.00000E+00 0.00000 0
   67    1    1    1    1   67    1    1    1    1  0.00000E+00 0.00000 0
   68    1    1    1    1   68    1    1    1    1  0.00000E+00 0.00000 0
   69    1    1    1    1   69    1    1    1    1  7.20716E+13 0.02345 1960
   70    1    1    1    1   70    1    1    1    1  7.07125E+13 0.02541 1921
   71    1    1    1    1   71    1    1    1    1  6.91193E+13 0.02288 1880
   72    1    1    1    1   72    1    1    1    1  0.00000E+00 0.00000 0
   73    1    1    1    1   73    1    1    1    1  0.00000E+00 0.00000 0
   74    1    1    1    1   74    1    1    1    1  7.64553E+13 0.02334 2070
   75    1    1    1    1   75    1    1    1    1  7.60524E+13 0.02233 2060
   76    1    1    1    1   76    1    1    1    1  7.11121E+13 0.02403 1926
   77    1    1    1    1   77    1    1    1    1  7.06510E+13 0.02355 1915
   78    1    1    1    1   78    1    1    1    1  0.00000E+00 0.00000 0
   79    1    1    1    1   79    1    1    1    1  0.00000E+00 0.00000 0
   80    1    1    1    1   80    1    1    1    1  0.00000E+00 0.00000 0
   81    1    1    1    1   81    1    1    1    1  7.36289E+13 0.02333 1997
   82    1    1    1    1   82    1    1    1    1  7.46640E+13 0.02253 2024
   83    1    1    1    1   83    1    1    1    1  7.17237E+13 0.02303 1946
   84    1    1    1    1   84    1    1    1    1  0.00000E+00 0.00000 0
   85    1    1    1    1   85    1    1    1    1  0.00000E+00 0.00000 0
   86    1    1    1    1   86    1    1    1    1  7.13985E+13 0.02402 1936
   87    1    1    1    1   87    1    1    1    1  7.47297E+13 0.02301 2033
   88    1    1    1    1   88    1    1    1    1  7.34370E+13 0.02362 1982
   89    1    1    1    1   89    1    1    1    1  7.14406E+13 0.02418 1931
   90    1    1    1    1   90    1    1    1    1  0.00000E+00 0.00000 0
   91    1    1    1    1   91    1    1    1    1  0.00000E+00 0.00000 0
   92    1    1    1    1   92    1    1    1    1  0.00000E+00 0.00000 0
   93    1    1    1    1   93    1    1    1    1  7.37795E+13 0.02347 1991
   94    1    1    1    1   94    1    1    1    1  7.71025E+13 0.02234 2086
   95    1    1    1    1   95    1    1    1    1  7.26974E+13 0.02199 1971
   96    1    1    1    1   96    1    1    1    1  0.00000E+00 0.00000 0
   97    1    1    1    1   97    1    1    1    1  0.00000E+00 0.00000 0
   98    1    1    1    1   98    1    1    1    1  7.60689E+13 0.02354 2059
   99    1    1    1    1   99    1    1    1    1  7.12349E+13 0.02415 1931
