HIS_TIME = [
   1  2.18600E+00
   2  2.48200E+00
   3  2.74300E+00
   4  3.07600E+00
   5  3.27900E+00
   6  3.59800E+00
   7  3.90900E+00
   8  4.25100E+00
   9  4.47300E+00
  10  4.76300E+00
  11  5.04600E+00
  12  5.30300E+00
  13  5.58900E+00
  14  5.87000E+00
  15  6.20600E+00
  16  6.48700E+00
  17  6.86500E+00
  18  7.18000E+00
  19  7.45900E+00
  20  7.73500E+00

% ----- Begin active cycles -----

   1  8.19500E+00
   2  8.54800E+00
   3  8.96300E+00
   4  9.37100E+00
   5  9.73400E+00
   6  1.01090E+01
   7  1.04770E+01
   8  1.08650E+01
   9  1.12660E+01
  10  1.16260E+01
  11  1.21310E+01
  12  1.24570E+01
  13  1.28340E+01
  14  1.31970E+01
  15  1.35840E+01
  16  1.40600E+01
  17  1.44130E+01
  18  1.48590E+01
  19  1.52100E+01
  20  1.56130E+01
  21  1.60110E+01
  22  1.64220E+01
  23  1.67720E+01
  24  1.71430E+01
  25  1.75620E+01
  26  1.80550E+01
  27  1.84580E+01
  28  1.88760E+01
  29  1.93220E+01
  30  1.97960E+01
  31  2.01520E+01
  32  2.05310E+01
  33  2.09940E+01
  34  2.13960E+01
  35  2.18560E+01
  36  2.22450E+01
  37  2.26780E+01
  38  2.30920E+01
  39  2.34300E+01
  40  2.38600E+01
  41  2.41670E+01
  42  2.45710E+01
  43  2.50470E+01
  44  2.53850E+01
  45  2.58370E+01
  46  2.61700E+01
  47  2.65880E+01
  48  2.70240E+01
  49  2.73650E+01
  50  2.78090E+01
  51  2.82170E+01
  52  2.85320E+01
  53  2.89920E+01
  54  2.94500E+01
  55  2.98210E+01
  56  3.02160E+01
  57  3.05620E+01
  58  3.09560E+01
  59  3.14410E+01
  60  3.18630E+01
  61  3.23400E+01
  62  3.27280E+01
  63  3.31550E+01
  64  3.35080E+01
  65  3.39530E+01
  66  3.43940E+01
  67  3.47620E+01
  68  3.51740E+01
  69  3.56680E+01
  70  3.60970E+01
  71  3.65180E+01
  72  3.68820E+01
  73  3.73000E+01
  74  3.77170E+01
  75  3.81010E+01
  76  3.85960E+01
  77  3.89380E+01
  78  3.93780E+01
  79  3.98000E+01
  80  4.01450E+01
  81  4.06080E+01
  82  4.09720E+01
  83  4.13580E+01
  84  4.17250E+01
  85  4.21900E+01
  86  4.25600E+01
  87  4.30560E+01
  88  4.33860E+01
  89  4.38680E+01
  90  4.42330E+01
  91  4.46820E+01
  92  4.51000E+01
  93  4.55200E+01
  94  4.59570E+01
  95  4.63760E+01
  96  4.68400E+01
  97  4.72200E+01
  98  4.76200E+01
  99  4.80020E+01
 100  4.83960E+01
];

HIS_IMP_KEFF = [
   1  1.00870E+00 1.00870E+00 0.01133  
   2  1.02907E+00 1.01889E+00 0.00819  
   3  1.04819E+00 1.02865E+00 0.00710  
   4  1.04789E+00 1.03346E+00 0.00595  
   5  1.04632E+00 1.03604E+00 0.00522  
   6  1.04708E+00 1.03788E+00 0.00472  
   7  1.06485E+00 1.04173E+00 0.00425  
   8  1.06669E+00 1.04485E+00 0.00411  
   9  1.04473E+00 1.04484E+00 0.00377  
  10  1.05452E+00 1.04580E+00 0.00358  
  11  1.04557E+00 1.04578E+00 0.00332  
  12  1.04351E+00 1.04559E+00 0.00317  
  13  1.05317E+00 1.04618E+00 0.00298  
  14  1.04114E+00 1.04582E+00 0.00284  
  15  1.03592E+00 1.04516E+00 0.00288  
  16  1.05701E+00 1.04590E+00 0.00278  
  17  1.04535E+00 1.04587E+00 0.00270  
  18  1.05208E+00 1.04621E+00 0.00263  
  19  1.05396E+00 1.04662E+00 0.00253  
  20  1.04707E+00 1.04664E+00 0.00250  

% ----- Begin active cycles -----

   1  1.05377E+00 1.05377E+00 0.01378  
   2  1.05367E+00 1.05372E+00 0.00705  
   3  1.05834E+00 1.05526E+00 0.00611  
   4  1.01928E+00 1.04627E+00 0.00588  
   5  1.04230E+00 1.04547E+00 0.00505  
   6  1.05827E+00 1.04760E+00 0.00446  
   7  1.06368E+00 1.04990E+00 0.00407  
   8  1.06550E+00 1.05185E+00 0.00387  
   9  1.05258E+00 1.05193E+00 0.00352  
  10  1.04214E+00 1.05095E+00 0.00343  
  11  1.03097E+00 1.04914E+00 0.00337  
  12  1.05536E+00 1.04965E+00 0.00319  
  13  1.05662E+00 1.05019E+00 0.00299  
  14  1.06579E+00 1.05130E+00 0.00284  
  15  1.06471E+00 1.05220E+00 0.00272  
  16  1.04097E+00 1.05150E+00 0.00262  
  17  1.04598E+00 1.05117E+00 0.00260  
  18  1.03358E+00 1.05019E+00 0.00257  
  19  1.04584E+00 1.04997E+00 0.00251  
  20  1.03481E+00 1.04921E+00 0.00246  
  21  1.03988E+00 1.04876E+00 0.00239  
  22  1.04719E+00 1.04869E+00 0.00232  
  23  1.04646E+00 1.04860E+00 0.00225  
  24  1.05443E+00 1.04884E+00 0.00219  
  25  1.06541E+00 1.04950E+00 0.00213  
  26  1.03699E+00 1.04902E+00 0.00211  
  27  1.03445E+00 1.04848E+00 0.00208  
  28  1.05649E+00 1.04877E+00 0.00205  
  29  1.04407E+00 1.04860E+00 0.00203  
  30  1.03677E+00 1.04821E+00 0.00197  
  31  1.03678E+00 1.04784E+00 0.00193  
  32  1.05542E+00 1.04808E+00 0.00192  
  33  1.04645E+00 1.04803E+00 0.00188  
  34  1.04398E+00 1.04791E+00 0.00188  
  35  1.04998E+00 1.04797E+00 0.00184  
  36  1.03599E+00 1.04764E+00 0.00180  
  37  1.06653E+00 1.04815E+00 0.00180  
  38  1.04717E+00 1.04812E+00 0.00177  
  39  1.04220E+00 1.04797E+00 0.00174  
  40  1.05477E+00 1.04814E+00 0.00171  
  41  1.05316E+00 1.04826E+00 0.00169  
  42  1.03520E+00 1.04795E+00 0.00166  
  43  1.04643E+00 1.04791E+00 0.00164  
  44  1.02894E+00 1.04748E+00 0.00164  
  45  1.02431E+00 1.04697E+00 0.00163  
  46  1.05401E+00 1.04712E+00 0.00160  
  47  1.06496E+00 1.04750E+00 0.00158  
  48  1.05044E+00 1.04756E+00 0.00157  
  49  1.06150E+00 1.04785E+00 0.00156  
  50  1.05084E+00 1.04791E+00 0.00155  
  51  1.05951E+00 1.04813E+00 0.00153  
  52  1.05021E+00 1.04817E+00 0.00151  
  53  1.05446E+00 1.04829E+00 0.00149  
  54  1.04087E+00 1.04816E+00 0.00147  
  55  1.06766E+00 1.04851E+00 0.00146  
  56  1.05010E+00 1.04854E+00 0.00145  
  57  1.04596E+00 1.04849E+00 0.00143  
  58  1.02070E+00 1.04801E+00 0.00142  
  59  1.03907E+00 1.04786E+00 0.00141  
  60  1.05421E+00 1.04797E+00 0.00139  
  61  1.04467E+00 1.04791E+00 0.00138  
  62  1.04261E+00 1.04783E+00 0.00136  
  63  1.03108E+00 1.04756E+00 0.00135  
  64  1.04610E+00 1.04754E+00 0.00134  
  65  1.05053E+00 1.04759E+00 0.00132  
  66  1.05420E+00 1.04769E+00 0.00131  
  67  1.07397E+00 1.04808E+00 0.00130  
  68  1.03721E+00 1.04792E+00 0.00129  
  69  1.05418E+00 1.04801E+00 0.00128  
  70  1.05353E+00 1.04809E+00 0.00127  
  71  1.05191E+00 1.04814E+00 0.00126  
  72  1.06103E+00 1.04832E+00 0.00126  
  73  1.05267E+00 1.04838E+00 0.00126  
  74  1.03037E+00 1.04814E+00 0.00125  
  75  1.04498E+00 1.04810E+00 0.00124  
  76  1.04028E+00 1.04799E+00 0.00122  
  77  1.06191E+00 1.04817E+00 0.00122  
  78  1.07234E+00 1.04848E+00 0.00121  
  79  1.04050E+00 1.04838E+00 0.00120  
  80  1.04592E+00 1.04835E+00 0.00120  
  81  1.05279E+00 1.04841E+00 0.00119  
  82  1.04476E+00 1.04836E+00 0.00118  
  83  1.04966E+00 1.04838E+00 0.00117  
  84  1.06449E+00 1.04857E+00 0.00116  
  85  1.02605E+00 1.04830E+00 0.00115  
  86  1.05394E+00 1.04837E+00 0.00115  
  87  1.05050E+00 1.04839E+00 0.00115  
  88  1.04614E+00 1.04837E+00 0.00114  
  89  1.05344E+00 1.04843E+00 0.00113  
  90  1.04376E+00 1.04837E+00 0.00112  
  91  1.05991E+00 1.04850E+00 0.00112  
  92  1.03948E+00 1.04840E+00 0.00111  
  93  1.05078E+00 1.04843E+00 0.00110  
  94  1.06169E+00 1.04857E+00 0.00110  
  95  1.05172E+00 1.04860E+00 0.00109  
  96  1.06605E+00 1.04878E+00 0.00109  
  97  1.05657E+00 1.04886E+00 0.00109  
  98  1.05917E+00 1.04897E+00 0.00108  
  99  1.03066E+00 1.04878E+00 0.00108  
 100  1.04652E+00 1.04876E+00 0.00107  
];

