
DETEnergyDetector = [
    1    1    1    1     1     1     1    1    1    1  1.35471E-05 0.18274 
    2    2    1    1     1     1     1    1    1    1  1.75586E-06 0.49269 
    3    3    1    1     1     1     1    1    1    1  1.79144E-06 0.49258 
    4    4    1    1     1     1     1    1    1    1  1.38375E-06 0.57226 
    5    5    1    1     1     1     1    1    1    1  9.05618E-07 1.00000 
    6    6    1    1     1     1     1    1    1    1  1.46431E-06 0.57151 
    7    7    1    1     1     1     1    1    1    1  4.43403E-06 0.31966 
    8    8    1    1     1     1     1    1    1    1  3.11289E-06 0.39784 
    9    9    1    1     1     1     1    1    1    1  7.47209E-06 0.26945 
   10   10    1    1     1     1     1    1    1    1  4.35031E-06 0.34090 
   11   11    1    1     1     1     1    1    1    1  6.83230E-06 0.32079 
   12   12    1    1     1     1     1    1    1    1  5.26058E-06 0.31969 
   13   13    1    1     1     1     1    1    1    1  5.33168E-06 0.31964 
   14   14    1    1     1     1     1    1    1    1  6.19695E-06 0.30157 
   15   15    1    1     1     1     1    1    1    1  8.79299E-06 0.26807 
   16   16    1    1     1     1     1    1    1    1  8.41781E-06 0.28104 
   17   17    1    1     1     1     1    1    1    1  1.29646E-05 0.20758 
   18   18    1    1     1     1     1    1    1    1  1.37330E-05 0.23574 
   19   19    1    1     1     1     1    1    1    1  8.43994E-06 0.27229 
   20   20    1    1     1     1     1    1    1    1  1.30229E-05 0.22801 
   21   21    1    1     1     1     1    1    1    1  1.48960E-05 0.23480 
   22   22    1    1     1     1     1    1    1    1  1.61662E-05 0.20552 
   23   23    1    1     1     1     1    1    1    1  2.38043E-05 0.18067 
   24   24    1    1     1     1     1    1    1    1  2.13565E-05 0.20297 
   25   25    1    1     1     1     1    1    1    1  3.08834E-05 0.16136 
   26   26    1    1     1     1     1    1    1    1  3.42554E-05 0.15502 
   27   27    1    1     1     1     1    1    1    1  3.51700E-05 0.17055 
   28   28    1    1     1     1     1    1    1    1  4.43333E-05 0.13072 
   29   29    1    1     1     1     1    1    1    1  5.34236E-05 0.12538 
   30   30    1    1     1     1     1    1    1    1  4.89909E-05 0.13546 
   31   31    1    1     1     1     1    1    1    1  5.81033E-05 0.14059 
   32   32    1    1     1     1     1    1    1    1  7.09882E-05 0.11066 
   33   33    1    1     1     1     1    1    1    1  7.24661E-05 0.11416 
   34   34    1    1     1     1     1    1    1    1  1.02841E-04 0.10038 
   35   35    1    1     1     1     1    1    1    1  1.20106E-04 0.09515 
   36   36    1    1     1     1     1    1    1    1  1.16681E-04 0.09813 
   37   37    1    1     1     1     1    1    1    1  1.15461E-04 0.10309 
   38   38    1    1     1     1     1    1    1    1  1.46957E-04 0.08855 
   39   39    1    1     1     1     1    1    1    1  1.68784E-04 0.08546 
   40   40    1    1     1     1     1    1    1    1  1.98409E-04 0.07108 
   41   41    1    1     1     1     1    1    1    1  1.85779E-04 0.08276 
   42   42    1    1     1     1     1    1    1    1  2.39607E-04 0.06867 
   43   43    1    1     1     1     1    1    1    1  2.67666E-04 0.07864 
   44   44    1    1     1     1     1    1    1    1  2.86427E-04 0.06672 
   45   45    1    1     1     1     1    1    1    1  3.24044E-04 0.06541 
   46   46    1    1     1     1     1    1    1    1  3.81943E-04 0.05980 
   47   47    1    1     1     1     1    1    1    1  3.54573E-04 0.06442 
   48   48    1    1     1     1     1    1    1    1  4.32423E-04 0.06044 
   49   49    1    1     1     1     1    1    1    1  5.35742E-04 0.05001 
   50   50    1    1     1     1     1    1    1    1  5.65882E-04 0.05701 
   51   51    1    1     1     1     1    1    1    1  6.11665E-04 0.04890 
   52   52    1    1     1     1     1    1    1    1  7.30288E-04 0.04875 
   53   53    1    1     1     1     1    1    1    1  8.98231E-04 0.04528 
   54   54    1    1     1     1     1    1    1    1  8.95039E-04 0.04475 
   55   55    1    1     1     1     1    1    1    1  1.10491E-03 0.04084 
   56   56    1    1     1     1     1    1    1    1  1.32378E-03 0.04090 
   57   57    1    1     1     1     1    1    1    1  1.54652E-03 0.03734 
   58   58    1    1     1     1     1    1    1    1  2.81492E-03 0.02781 
   59   59    1    1     1     1     1    1    1    1  4.50875E-03 0.02090 
   60   60    1    1     1     1     1    1    1    1  2.34051E-03 0.02918 
   61   61    1    1     1     1     1    1    1    1  2.47453E-03 0.02742 
   62   62    1    1     1     1     1    1    1    1  2.76287E-03 0.02660 
   63   63    1    1     1     1     1    1    1    1  2.97465E-03 0.02806 
   64   64    1    1     1     1     1    1    1    1  3.02453E-03 0.02688 
   65   65    1    1     1     1     1    1    1    1  3.53617E-03 0.03006 
   66   66    1    1     1     1     1    1    1    1  3.84053E-03 0.02599 
   67   67    1    1     1     1     1    1    1    1  4.21318E-03 0.02256 
   68   68    1    1     1     1     1    1    1    1  4.74049E-03 0.02407 
   69   69    1    1     1     1     1    1    1    1  5.42898E-03 0.02322 
   70   70    1    1     1     1     1    1    1    1  6.16484E-03 0.02126 
   71   71    1    1     1     1     1    1    1    1  7.06622E-03 0.01985 
   72   72    1    1     1     1     1    1    1    1  7.86712E-03 0.01763 
   73   73    1    1     1     1     1    1    1    1  1.04967E-02 0.01652 
   74   74    1    1     1     1     1    1    1    1  1.71675E-02 0.01252 
   75   75    1    1     1     1     1    1    1    1  1.96331E-02 0.01119 
   76   76    1    1     1     1     1    1    1    1  1.63350E-02 0.01409 
   77   77    1    1     1     1     1    1    1    1  1.92166E-02 0.01328 
   78   78    1    1     1     1     1    1    1    1  2.11976E-02 0.01170 
   79   79    1    1     1     1     1    1    1    1  2.85831E-02 0.01022 
   80   80    1    1     1     1     1    1    1    1  3.15633E-02 0.00864 
   81   81    1    1     1     1     1    1    1    1  3.07032E-02 0.01071 
   82   82    1    1     1     1     1    1    1    1  3.49540E-02 0.01017 
   83   83    1    1     1     1     1    1    1    1  5.55084E-02 0.00910 
   84   84    1    1     1     1     1    1    1    1  5.83720E-02 0.00818 
   85   85    1    1     1     1     1    1    1    1  5.71625E-02 0.00886 
   86   86    1    1     1     1     1    1    1    1  6.67593E-02 0.00765 
   87   87    1    1     1     1     1    1    1    1  1.26539E-01 0.00610 
   88   88    1    1     1     1     1    1    1    1  8.91060E-02 0.00729 
   89   89    1    1     1     1     1    1    1    1  8.37868E-02 0.00685 
   90   90    1    1     1     1     1    1    1    1  8.37562E-02 0.00721 
   91   91    1    1     1     1     1    1    1    1  1.01205E-01 0.00620 
   92   92    1    1     1     1     1    1    1    1  1.03668E-01 0.00621 
   93   93    1    1     1     1     1    1    1    1  1.19542E-01 0.00638 
   94   94    1    1     1     1     1    1    1    1  1.33087E-01 0.00594 
   95   95    1    1     1     1     1    1    1    1  1.46852E-01 0.00567 
   96   96    1    1     1     1     1    1    1    1  1.67671E-01 0.00565 
   97   97    1    1     1     1     1    1    1    1  1.91010E-01 0.00543 
   98   98    1    1     1     1     1    1    1    1  2.14234E-01 0.00478 
   99   99    1    1     1     1     1    1    1    1  2.43023E-01 0.00489 
  100  100    1    1     1     1     1    1    1    1  2.75339E-01 0.00489 
  101  101    1    1     1     1     1    1    1    1  3.01230E-01 0.00483 
  102  102    1    1     1     1     1    1    1    1  3.34582E-01 0.00501 
  103  103    1    1     1     1     1    1    1    1  3.68101E-01 0.00443 
  104  104    1    1     1     1     1    1    1    1  4.11722E-01 0.00436 
