HIS_TIME = [
   1  3.71000E+00
   2  3.83200E+00
   3  3.96900E+00
   4  4.10300E+00
   5  4.23500E+00
   6  4.37000E+00
   7  4.51000E+00
   8  4.65300E+00
   9  4.79100E+00
  10  4.93300E+00
  11  5.07700E+00
  12  5.20600E+00
  13  5.34600E+00
  14  5.48400E+00
  15  5.62000E+00
  16  5.76100E+00
  17  5.89200E+00
  18  6.02200E+00
  19  6.15800E+00
  20  6.29800E+00

% ----- Begin active cycles -----

   1  6.60200E+00
   2  6.91700E+00
   3  7.20300E+00
   4  7.50800E+00
   5  7.80200E+00
   6  8.10500E+00
   7  8.39900E+00
   8  8.72100E+00
   9  9.02400E+00
  10  9.32900E+00
  11  9.62800E+00
  12  9.93800E+00
  13  1.02410E+01
  14  1.05350E+01
  15  1.08350E+01
  16  1.11280E+01
  17  1.14480E+01
  18  1.17510E+01
  19  1.20700E+01
  20  1.23700E+01
  21  1.27010E+01
  22  1.30070E+01
  23  1.33030E+01
  24  1.35950E+01
  25  1.38930E+01
  26  1.41700E+01
  27  1.44560E+01
  28  1.47550E+01
  29  1.50480E+01
  30  1.53920E+01
  31  1.56700E+01
  32  1.59750E+01
  33  1.62880E+01
  34  1.66070E+01
  35  1.69150E+01
  36  1.72440E+01
  37  1.75250E+01
  38  1.78330E+01
  39  1.81570E+01
  40  1.84500E+01
  41  1.87280E+01
  42  1.90700E+01
  43  1.93520E+01
  44  1.96300E+01
  45  1.99450E+01
  46  2.02520E+01
  47  2.05590E+01
  48  2.08610E+01
  49  2.11660E+01
  50  2.14970E+01
  51  2.17920E+01
  52  2.20990E+01
  53  2.23980E+01
  54  2.26980E+01
  55  2.29980E+01
  56  2.33090E+01
  57  2.36260E+01
  58  2.39260E+01
  59  2.42150E+01
  60  2.45000E+01
  61  2.48050E+01
  62  2.51080E+01
  63  2.54320E+01
  64  2.57440E+01
  65  2.60450E+01
  66  2.63400E+01
  67  2.66580E+01
  68  2.69580E+01
  69  2.72680E+01
  70  2.75930E+01
  71  2.79130E+01
  72  2.82080E+01
  73  2.85090E+01
  74  2.88070E+01
  75  2.91030E+01
  76  2.94160E+01
  77  2.97410E+01
  78  3.00170E+01
  79  3.03210E+01
  80  3.06280E+01
  81  3.09330E+01
  82  3.12540E+01
  83  3.15270E+01
  84  3.18240E+01
  85  3.21170E+01
  86  3.24170E+01
  87  3.27140E+01
  88  3.29920E+01
  89  3.33070E+01
  90  3.36130E+01
  91  3.39390E+01
  92  3.42440E+01
  93  3.45190E+01
  94  3.48120E+01
  95  3.51240E+01
  96  3.54250E+01
  97  3.57270E+01
  98  3.60470E+01
  99  3.63480E+01
 100  3.66880E+01
];

HIS_IMP_KEFF = [
   1  1.00997E+00 1.00997E+00 0.00000  
   2  1.02695E+00 1.01846E+00 0.00833  
   3  1.03621E+00 1.02438E+00 0.00750  
   4  1.05665E+00 1.03245E+00 0.00942  
   5  1.03820E+00 1.03360E+00 0.00737  
   6  1.06132E+00 1.03822E+00 0.00747  
   7  1.05039E+00 1.03996E+00 0.00652  
   8  1.05238E+00 1.04151E+00 0.00583  
   9  1.06462E+00 1.04408E+00 0.00569  
  10  1.04855E+00 1.04452E+00 0.00510  
  11  1.04685E+00 1.04473E+00 0.00462  
  12  1.06404E+00 1.04634E+00 0.00448  
  13  1.02102E+00 1.04440E+00 0.00453  
  14  1.06316E+00 1.04574E+00 0.00438  
  15  1.05532E+00 1.04637E+00 0.00412  
  16  1.06240E+00 1.04738E+00 0.00397  
  17  1.04871E+00 1.04745E+00 0.00373  
  18  1.05071E+00 1.04764E+00 0.00352  
  19  1.06313E+00 1.04845E+00 0.00342  
  20  1.06761E+00 1.04941E+00 0.00336  

% ----- Begin active cycles -----

   1  1.06733E+00 1.06733E+00 0.00000  
   2  1.05673E+00 1.06203E+00 0.00499  
   3  1.06524E+00 1.06310E+00 0.00305  
   4  1.04375E+00 1.05826E+00 0.00506  
   5  1.05470E+00 1.05755E+00 0.00398  
   6  1.01835E+00 1.05102E+00 0.00702  
   7  1.06467E+00 1.05297E+00 0.00621  
   8  1.05825E+00 1.05363E+00 0.00541  
   9  1.06161E+00 1.05451E+00 0.00484  
  10  1.05196E+00 1.05426E+00 0.00434  
  11  1.04412E+00 1.05334E+00 0.00402  
  12  1.04549E+00 1.05268E+00 0.00373  
  13  1.03207E+00 1.05110E+00 0.00375  
  14  1.04479E+00 1.05065E+00 0.00350  
  15  1.02937E+00 1.04923E+00 0.00353  
  16  1.04424E+00 1.04892E+00 0.00332  
  17  1.04923E+00 1.04894E+00 0.00312  
  18  1.03331E+00 1.04807E+00 0.00305  
  19  1.07446E+00 1.04946E+00 0.00317  
  20  1.05904E+00 1.04994E+00 0.00304  
  21  1.03911E+00 1.04942E+00 0.00294  
  22  1.03975E+00 1.04898E+00 0.00283  
  23  1.05198E+00 1.04911E+00 0.00271  
  24  1.05378E+00 1.04930E+00 0.00260  
  25  1.02800E+00 1.04845E+00 0.00263  
  26  1.04954E+00 1.04849E+00 0.00252  
  27  1.04785E+00 1.04847E+00 0.00243  
  28  1.03695E+00 1.04806E+00 0.00237  
  29  1.04837E+00 1.04807E+00 0.00229  
  30  1.02227E+00 1.04721E+00 0.00236  
  31  1.02169E+00 1.04639E+00 0.00242  
  32  1.05132E+00 1.04654E+00 0.00235  
  33  1.05822E+00 1.04690E+00 0.00230  
  34  1.04443E+00 1.04682E+00 0.00223  
  35  1.07550E+00 1.04764E+00 0.00230  
  36  1.05710E+00 1.04790E+00 0.00225  
  37  1.05817E+00 1.04818E+00 0.00220  
  38  1.07714E+00 1.04894E+00 0.00226  
  39  1.03512E+00 1.04859E+00 0.00223  
  40  1.05560E+00 1.04876E+00 0.00218  
  41  1.06262E+00 1.04910E+00 0.00215  
  42  1.05136E+00 1.04916E+00 0.00210  
  43  1.05776E+00 1.04936E+00 0.00206  
  44  1.06131E+00 1.04963E+00 0.00203  
  45  1.05890E+00 1.04983E+00 0.00199  
  46  1.04024E+00 1.04963E+00 0.00196  
  47  1.05254E+00 1.04969E+00 0.00192  
  48  1.05520E+00 1.04980E+00 0.00188  
  49  1.05607E+00 1.04993E+00 0.00184  
  50  1.04924E+00 1.04992E+00 0.00181  
  51  1.04076E+00 1.04974E+00 0.00178  
  52  1.05623E+00 1.04986E+00 0.00175  
  53  1.03747E+00 1.04963E+00 0.00173  
  54  1.02926E+00 1.04925E+00 0.00174  
  55  1.04802E+00 1.04923E+00 0.00170  
  56  1.06352E+00 1.04948E+00 0.00169  
  57  1.05103E+00 1.04951E+00 0.00166  
  58  1.05069E+00 1.04953E+00 0.00163  
  59  1.04931E+00 1.04953E+00 0.00160  
  60  1.07535E+00 1.04996E+00 0.00163  
  61  1.05161E+00 1.04998E+00 0.00160  
  62  1.06358E+00 1.05020E+00 0.00159  
  63  1.03668E+00 1.04999E+00 0.00158  
  64  1.06049E+00 1.05015E+00 0.00156  
  65  1.04032E+00 1.05000E+00 0.00154  
  66  1.04680E+00 1.04995E+00 0.00152  
  67  1.04445E+00 1.04987E+00 0.00150  
  68  1.04626E+00 1.04982E+00 0.00148  
  69  1.04420E+00 1.04974E+00 0.00146  
  70  1.02428E+00 1.04937E+00 0.00148  
  71  1.05761E+00 1.04949E+00 0.00146  
  72  1.04842E+00 1.04947E+00 0.00144  
  73  1.03749E+00 1.04931E+00 0.00143  
  74  1.04960E+00 1.04931E+00 0.00141  
  75  1.03379E+00 1.04911E+00 0.00141  
  76  1.05640E+00 1.04920E+00 0.00139  
  77  1.05999E+00 1.04934E+00 0.00138  
  78  1.07295E+00 1.04965E+00 0.00139  
  79  1.06625E+00 1.04986E+00 0.00139  
  80  1.05594E+00 1.04993E+00 0.00137  
  81  1.06590E+00 1.05013E+00 0.00137  
  82  1.05303E+00 1.05016E+00 0.00135  
  83  1.07232E+00 1.05043E+00 0.00136  
  84  1.07197E+00 1.05069E+00 0.00136  
  85  1.04664E+00 1.05064E+00 0.00135  
  86  1.05236E+00 1.05066E+00 0.00133  
  87  1.04354E+00 1.05058E+00 0.00132  
  88  1.05587E+00 1.05064E+00 0.00131  
  89  1.05948E+00 1.05074E+00 0.00129  
  90  1.07759E+00 1.05104E+00 0.00131  
  91  1.06913E+00 1.05124E+00 0.00131  
  92  1.04061E+00 1.05112E+00 0.00130  
  93  1.03949E+00 1.05099E+00 0.00129  
  94  1.06780E+00 1.05117E+00 0.00129  
  95  1.06208E+00 1.05129E+00 0.00128  
  96  1.03553E+00 1.05112E+00 0.00128  
  97  1.05406E+00 1.05115E+00 0.00126  
  98  1.06372E+00 1.05128E+00 0.00126  
  99  1.03704E+00 1.05114E+00 0.00125  
 100  1.03636E+00 1.05099E+00 0.00125  
];

