
DETEnergyDetector = [
    1    1    1    1     1     1     1    1    1    1  2.15453E-05 0.15319 
    2    2    1    1     1     1     1    1    1    1  2.57953E-06 0.40873 
    3    3    1    1     1     1     1    1    1    1  1.37387E-06 0.58103 
    4    4    1    1     1     1     1    1    1    1  1.80494E-06 0.49974 
    5    5    1    1     1     1     1    1    1    1  1.66788E-06 0.50180 
    6    6    1    1     1     1     1    1    1    1  4.57474E-06 0.33309 
    7    7    1    1     1     1     1    1    1    1  2.53390E-06 0.44675 
    8    8    1    1     1     1     1    1    1    1  1.05735E-06 0.70919 
    9    9    1    1     1     1     1    1    1    1  2.06241E-06 0.50225 
   10   10    1    1     1     1     1    1    1    1  4.90831E-06 0.33355 
   11   11    1    1     1     1     1    1    1    1  3.20970E-06 0.40805 
   12   12    1    1     1     1     1    1    1    1  5.61725E-06 0.31593 
   13   13    1    1     1     1     1    1    1    1  4.02471E-06 0.37758 
   14   14    1    1     1     1     1    1    1    1  6.45892E-06 0.30070 
   15   15    1    1     1     1     1    1    1    1  8.90081E-06 0.26690 
   16   16    1    1     1     1     1    1    1    1  5.90242E-06 0.33407 
   17   17    1    1     1     1     1    1    1    1  1.13942E-05 0.24125 
   18   18    1    1     1     1     1    1    1    1  9.20865E-06 0.26620 
   19   19    1    1     1     1     1    1    1    1  1.49272E-05 0.21639 
   20   20    1    1     1     1     1    1    1    1  1.61619E-05 0.21192 
   21   21    1    1     1     1     1    1    1    1  2.13451E-05 0.19298 
   22   22    1    1     1     1     1    1    1    1  1.93141E-05 0.19875 
   23   23    1    1     1     1     1    1    1    1  3.29690E-05 0.15480 
   24   24    1    1     1     1     1    1    1    1  2.08340E-05 0.19438 
   25   25    1    1     1     1     1    1    1    1  2.68305E-05 0.18015 
   26   26    1    1     1     1     1    1    1    1  3.89574E-05 0.15778 
   27   27    1    1     1     1     1    1    1    1  3.85659E-05 0.15748 
   28   28    1    1     1     1     1    1    1    1  4.44479E-05 0.14328 
   29   29    1    1     1     1     1    1    1    1  3.59096E-05 0.15972 
   30   30    1    1     1     1     1    1    1    1  5.33120E-05 0.13171 
   31   31    1    1     1     1     1    1    1    1  6.94032E-05 0.11966 
   32   32    1    1     1     1     1    1    1    1  8.08363E-05 0.11475 
   33   33    1    1     1     1     1    1    1    1  6.90154E-05 0.12701 
   34   34    1    1     1     1     1    1    1    1  7.80997E-05 0.12483 
   35   35    1    1     1     1     1    1    1    1  9.10038E-05 0.11555 
   36   36    1    1     1     1     1    1    1    1  1.03537E-04 0.10501 
   37   37    1    1     1     1     1    1    1    1  1.23927E-04 0.09578 
   38   38    1    1     1     1     1    1    1    1  1.37954E-04 0.09322 
   39   39    1    1     1     1     1    1    1    1  1.70034E-04 0.08547 
   40   40    1    1     1     1     1    1    1    1  1.73547E-04 0.08809 
   41   41    1    1     1     1     1    1    1    1  1.88901E-04 0.08212 
   42   42    1    1     1     1     1    1    1    1  2.25405E-04 0.08006 
   43   43    1    1     1     1     1    1    1    1  2.41907E-04 0.07708 
   44   44    1    1     1     1     1    1    1    1  2.09784E-04 0.08170 
   45   45    1    1     1     1     1    1    1    1  2.83687E-04 0.07207 
   46   46    1    1     1     1     1    1    1    1  3.57315E-04 0.06632 
   47   47    1    1     1     1     1    1    1    1  3.91503E-04 0.06188 
   48   48    1    1     1     1     1    1    1    1  4.50780E-04 0.05699 
   49   49    1    1     1     1     1    1    1    1  5.11807E-04 0.05768 
   50   50    1    1     1     1     1    1    1    1  5.78485E-04 0.05319 
   51   51    1    1     1     1     1    1    1    1  6.04731E-04 0.05070 
   52   52    1    1     1     1     1    1    1    1  7.44760E-04 0.04762 
   53   53    1    1     1     1     1    1    1    1  9.04534E-04 0.04514 
   54   54    1    1     1     1     1    1    1    1  9.58052E-04 0.04393 
   55   55    1    1     1     1     1    1    1    1  1.12438E-03 0.04012 
   56   56    1    1     1     1     1    1    1    1  1.25312E-03 0.04159 
   57   57    1    1     1     1     1    1    1    1  1.59398E-03 0.03706 
   58   58    1    1     1     1     1    1    1    1  2.60513E-03 0.02867 
   59   59    1    1     1     1     1    1    1    1  4.23268E-03 0.02244 
   60   60    1    1     1     1     1    1    1    1  2.25420E-03 0.02980 
   61   61    1    1     1     1     1    1    1    1  2.61526E-03 0.02905 
   62   62    1    1     1     1     1    1    1    1  2.73128E-03 0.02760 
   63   63    1    1     1     1     1    1    1    1  2.64395E-03 0.02903 
   64   64    1    1     1     1     1    1    1    1  3.07356E-03 0.02813 
   65   65    1    1     1     1     1    1    1    1  3.50160E-03 0.02629 
   66   66    1    1     1     1     1    1    1    1  3.98085E-03 0.02366 
   67   67    1    1     1     1     1    1    1    1  4.30370E-03 0.02384 
   68   68    1    1     1     1     1    1    1    1  4.59190E-03 0.02340 
   69   69    1    1     1     1     1    1    1    1  5.33550E-03 0.02142 
   70   70    1    1     1     1     1    1    1    1  6.08798E-03 0.02083 
   71   71    1    1     1     1     1    1    1    1  6.65593E-03 0.01994 
   72   72    1    1     1     1     1    1    1    1  7.76855E-03 0.01897 
   73   73    1    1     1     1     1    1    1    1  1.04966E-02 0.01663 
   74   74    1    1     1     1     1    1    1    1  1.67787E-02 0.01320 
   75   75    1    1     1     1     1    1    1    1  1.98494E-02 0.01258 
   76   76    1    1     1     1     1    1    1    1  1.60062E-02 0.01358 
   77   77    1    1     1     1     1    1    1    1  1.86275E-02 0.01281 
   78   78    1    1     1     1     1    1    1    1  2.09856E-02 0.01211 
   79   79    1    1     1     1     1    1    1    1  2.89231E-02 0.01068 
   80   80    1    1     1     1     1    1    1    1  3.14685E-02 0.01033 
   81   81    1    1     1     1     1    1    1    1  3.04928E-02 0.01050 
   82   82    1    1     1     1     1    1    1    1  3.38223E-02 0.01023 
   83   83    1    1     1     1     1    1    1    1  5.40023E-02 0.00843 
   84   84    1    1     1     1     1    1    1    1  5.73496E-02 0.00801 
   85   85    1    1     1     1     1    1    1    1  5.59018E-02 0.00817 
   86   86    1    1     1     1     1    1    1    1  6.61333E-02 0.00768 
   87   87    1    1     1     1     1    1    1    1  1.24428E-01 0.00609 
   88   88    1    1     1     1     1    1    1    1  8.87197E-02 0.00708 
   89   89    1    1     1     1     1    1    1    1  8.29214E-02 0.00702 
   90   90    1    1     1     1     1    1    1    1  8.35989E-02 0.00694 
   91   91    1    1     1     1     1    1    1    1  1.00759E-01 0.00645 
   92   92    1    1     1     1     1    1    1    1  1.01980E-01 0.00643 
   93   93    1    1     1     1     1    1    1    1  1.19071E-01 0.00648 
   94   94    1    1     1     1     1    1    1    1  1.30645E-01 0.00621 
   95   95    1    1     1     1     1    1    1    1  1.46095E-01 0.00580 
   96   96    1    1     1     1     1    1    1    1  1.66357E-01 0.00538 
   97   97    1    1     1     1     1    1    1    1  1.88751E-01 0.00550 
   98   98    1    1     1     1     1    1    1    1  2.13041E-01 0.00536 
   99   99    1    1     1     1     1    1    1    1  2.41852E-01 0.00519 
  100  100    1    1     1     1     1    1    1    1  2.71443E-01 0.00490 
  101  101    1    1     1     1     1    1    1    1  2.98990E-01 0.00483 
  102  102    1    1     1     1     1    1    1    1  3.30284E-01 0.00477 
  103  103    1    1     1     1     1    1    1    1  3.64849E-01 0.00484 
  104  104    1    1     1     1     1    1    1    1  4.10000E-01 0.00463 
