
BU = [ 0.00000E+00 1.00000E-01 5.00000E-01 1.00000E+00 5.00000E+00 1.00000E+01 1.50000E+01 2.00000E+01 2.50000E+01 3.00000E+01 3.50000E+01 4.00000E+01];

DAYS = [ 0.00000E+00 2.50000E+00 1.25000E+01 2.50000E+01 1.25000E+02 2.50000E+02 3.75000E+02 5.00000E+02 6.25000E+02 7.50000E+02 8.75000E+02 1.00000E+03];

ZAI = [
922340
922350
922360
922380
932370
942380
942390
942400
942410
942420
952410
952430
420990
430990
441010
451030
471090
551330
621470
621490
621500
621510
621520
601430
601450
631530
641550
666
0
];

NAMES = [
'U-234   '
'U-235   '
'U-236   '
'U-238   '
'Np-237  '
'Pu-238  '
'Pu-239  '
'Pu-240  '
'Pu-241  '
'Pu-242  '
'Am-241  '
'Am-243  '
'Mo-99   '
'Tc-99   '
'Ru-101  '
'Rh-103  '
'Ag-109  '
'Cs-133  '
'Sm-147  '
'Sm-149  '
'Sm-150  '
'Sm-151  '
'Sm-152  '
'Nd-143  '
'Nd-145  '
'Eu-153  '
'Gd-155  '
'lost    '
'total   '
];

i922340  = 1;
i922350  = 2;
i922360  = 3;
i922380  = 4;
i932370  = 5;
i942380  = 6;
i942390  = 7;
i942400  = 8;
i942410  = 9;
i942420  = 10;
i952410  = 11;
i952430  = 12;
i420990  = 13;
i430990  = 14;
i441010  = 15;
i451030  = 16;
i471090  = 17;
i551330  = 18;
i621470  = 19;
i621490  = 20;
i621500  = 21;
i621510  = 22;
i621520  = 23;
i601430  = 24;
i601450  = 25;
i631530  = 26;
i641550  = 27;
iLOST    = 28;
iTOT     = 29;

TOT_VOLUME = 0;
TOT_MASS = zeros(29,12);
TOT_ADENS = zeros(29,12);
TOT_A = zeros(29,12);
TOT_H = zeros(29,12);

MAT_fuelp1r1_VOLUME = 5.332665E-01;

MAT_fuelp1r1_BURNUP = [
 0.00000E+00 1.00000E-01 5.00000E-01 1.00000E+00 5.00000E+00 1.00000E+01 1.50000E+01 2.00000E+01 2.50000E+01 3.00000E+01 3.50000E+01 4.00000E+01 % total
];

MAT_fuelp1r1_ADENS = [
 6.15138E-06 6.14288E-06 6.10849E-06 6.06535E-06 5.72768E-06 5.31730E-06 4.91867E-06 4.53209E-06 4.16033E-06 3.80479E-06 3.46375E-06 3.14287E-06 % 922340
 6.89185E-04 6.86481E-04 6.75768E-04 6.62631E-04 5.66191E-04 4.63604E-04 3.76556E-04 3.02537E-04 2.39906E-04 1.87528E-04 1.44363E-04 1.09500E-04 % 922350
 3.16249E-06 3.63926E-06 5.53384E-06 7.85447E-06 2.47520E-05 4.23522E-05 5.68158E-05 6.85666E-05 7.79326E-05 8.51557E-05 9.04043E-05 9.39208E-05 % 922360
 2.17092E-02 2.17079E-02 2.17024E-02 2.16955E-02 2.16391E-02 2.15650E-02 2.14867E-02 2.14039E-02 2.13165E-02 2.12246E-02 2.11280E-02 2.10268E-02 % 922380
 0.00000E+00 9.38249E-10 1.84069E-08 5.71637E-08 6.01236E-07 1.66151E-06 3.00228E-06 4.52371E-06 6.13832E-06 7.77070E-06 9.40038E-06 1.09544E-05 % 932370
 0.00000E+00 1.40992E-13 4.17952E-11 3.57881E-10 2.53856E-08 1.42337E-07 3.91206E-07 8.00757E-07 1.38731E-06 2.14896E-06 3.07774E-06 4.13927E-06 % 942380
 0.00000E+00 3.46970E-07 4.37553E-06 1.00328E-05 4.55363E-05 7.33239E-05 9.00691E-05 1.00141E-04 1.05959E-04 1.08810E-04 1.10200E-04 1.10599E-04 % 942390
 0.00000E+00 1.07006E-09 4.81099E-08 2.17897E-07 4.52134E-06 1.28253E-05 2.17877E-05 3.06298E-05 3.87611E-05 4.60599E-05 5.22814E-05 5.75285E-05 % 942400
 0.00000E+00 4.67597E-12 1.07601E-09 1.01051E-08 1.02172E-06 4.97907E-06 1.04579E-05 1.60448E-05 2.11994E-05 2.55163E-05 2.90417E-05 3.17695E-05 % 942410
 0.00000E+00 3.33522E-15 3.87321E-12 7.45517E-11 4.15241E-08 4.42489E-07 1.52875E-06 3.40741E-06 6.04281E-06 9.34177E-06 1.31682E-05 1.73475E-05 % 942420
 0.00000E+00 3.54555E-16 4.09109E-13 7.86297E-12 4.20965E-09 4.20538E-08 1.32980E-07 2.66145E-07 4.19611E-07 5.71311E-07 7.05125E-07 8.12256E-07 % 952410
 0.00000E+00 7.57163E-19 6.70223E-15 2.80319E-13 9.13313E-10 2.16662E-08 1.22522E-07 3.78743E-07 8.57621E-07 1.60787E-06 2.64234E-06 3.97162E-06 % 952430
 0.00000E+00 1.07527E-07 2.19958E-07 2.29543E-07 2.30090E-07 2.26400E-07 2.24067E-07 2.22683E-07 2.21777E-07 2.21222E-07 2.21239E-07 2.21452E-07 % 420990
 0.00000E+00 2.98132E-08 4.86475E-07 1.19822E-06 6.91915E-06 1.38417E-05 2.04953E-05 2.68801E-05 3.29906E-05 3.88246E-05 4.43638E-05 4.96133E-05 % 430990
 0.00000E+00 1.21958E-07 6.15623E-07 1.23414E-06 6.24300E-06 1.25348E-05 1.88261E-05 2.51055E-05 3.13577E-05 3.75695E-05 4.37321E-05 4.98372E-05 % 441010
 0.00000E+00 1.57847E-09 3.86795E-08 1.45474E-07 2.34770E-06 6.21068E-06 1.01797E-05 1.39921E-05 1.75639E-05 2.08535E-05 2.38150E-05 2.64592E-05 % 451030
 0.00000E+00 7.35085E-10 5.55723E-09 1.34094E-08 1.39677E-07 4.14927E-07 7.89887E-07 1.24409E-06 1.76399E-06 2.33228E-06 2.93625E-06 3.56837E-06 % 471090
 0.00000E+00 9.93905E-09 3.39194E-07 1.03605E-06 7.24247E-06 1.47581E-05 2.19398E-05 2.87774E-05 3.52639E-05 4.13887E-05 4.71513E-05 5.25322E-05 % 551330
 0.00000E+00 2.39498E-12 2.59049E-10 1.73574E-09 8.28517E-08 3.31360E-07 6.85822E-07 1.09685E-06 1.52760E-06 1.94956E-06 2.34218E-06 2.69219E-06 % 621470
 0.00000E+00 6.34328E-09 4.29043E-08 5.32038E-08 6.10197E-08 6.68493E-08 6.96703E-08 7.06615E-08 7.02903E-08 6.91245E-08 6.77123E-08 6.63194E-08 % 621490
 0.00000E+00 1.16938E-09 5.45957E-08 1.75035E-07 1.27220E-06 2.76616E-06 4.35551E-06 6.01008E-06 7.69766E-06 9.39549E-06 1.10866E-05 1.27472E-05 % 621500
 0.00000E+00 4.78341E-09 3.99404E-08 7.71518E-08 2.07752E-07 2.55379E-07 2.84236E-07 3.08457E-07 3.29159E-07 3.47959E-07 3.65295E-07 3.82804E-07 % 621510
 0.00000E+00 6.69811E-09 3.79301E-08 8.63116E-08 6.41217E-07 1.38468E-06 2.05855E-06 2.65112E-06 3.17803E-06 3.63706E-06 4.03886E-06 4.40301E-06 % 621520
 0.00000E+00 2.64183E-09 1.33750E-07 5.18434E-07 5.36577E-06 1.10707E-05 1.59905E-05 2.01819E-05 2.36821E-05 2.65232E-05 2.87429E-05 3.04010E-05 % 601430
 0.00000E+00 7.93141E-08 4.48865E-07 9.07610E-07 4.46928E-06 8.63781E-06 1.25277E-05 1.61657E-05 1.95631E-05 2.27293E-05 2.56605E-05 2.83764E-05 % 601450
 0.00000E+00 1.38074E-09 1.60723E-08 3.76703E-08 2.75143E-07 7.36515E-07 1.33937E-06 2.04002E-06 2.79033E-06 3.56436E-06 4.33167E-06 5.06410E-06 % 631530
 0.00000E+00 4.13789E-13 8.02472E-12 2.38449E-11 1.35309E-10 2.59572E-10 4.34937E-10 6.62072E-10 9.22277E-10 1.20291E-09 1.48466E-09 1.75732E-09 % 641550
 0.00000E+00 1.90304E-08 9.51907E-08 1.90707E-07 9.68346E-07 1.95543E-06 2.95472E-06 3.96544E-06 4.98639E-06 6.01710E-06 7.05663E-06 8.10432E-06 % lost data
 6.72428E-02 6.72451E-02 6.72546E-02 6.72664E-02 6.73611E-02 6.74788E-02 6.75959E-02 6.77124E-02 6.78286E-02 6.79444E-02 6.80599E-02 6.81752E-02 % total
];

