
BU = [ 0.00000E+00 1.00000E-01 5.00000E-01 1.00000E+00 5.00000E+00 1.00000E+01 1.50000E+01 2.00000E+01 2.50000E+01 3.00000E+01 3.50000E+01 4.00000E+01];

DAYS = [ 0.00000E+00 2.50000E+00 1.25000E+01 2.50000E+01 1.25000E+02 2.50000E+02 3.75000E+02 5.00000E+02 6.25000E+02 7.50000E+02 8.75000E+02 1.00000E+03];

ZAI = [
922340
922350
922360
922380
932370
942380
942390
942400
942410
942420
952410
952430
420990
430990
441010
451030
471090
551330
621470
621490
621500
621510
621520
601430
601450
631530
641550
666
0
];

NAMES = [
'U-234   '
'U-235   '
'U-236   '
'U-238   '
'Np-237  '
'Pu-238  '
'Pu-239  '
'Pu-240  '
'Pu-241  '
'Pu-242  '
'Am-241  '
'Am-243  '
'Mo-99   '
'Tc-99   '
'Ru-101  '
'Rh-103  '
'Ag-109  '
'Cs-133  '
'Sm-147  '
'Sm-149  '
'Sm-150  '
'Sm-151  '
'Sm-152  '
'Nd-143  '
'Nd-145  '
'Eu-153  '
'Gd-155  '
'lost    '
'total   '
];

i922340  = 1;
i922350  = 2;
i922360  = 3;
i922380  = 4;
i932370  = 5;
i942380  = 6;
i942390  = 7;
i942400  = 8;
i942410  = 9;
i942420  = 10;
i952410  = 11;
i952430  = 12;
i420990  = 13;
i430990  = 14;
i441010  = 15;
i451030  = 16;
i471090  = 17;
i551330  = 18;
i621470  = 19;
i621490  = 20;
i621500  = 21;
i621510  = 22;
i621520  = 23;
i601430  = 24;
i601450  = 25;
i631530  = 26;
i641550  = 27;
iLOST    = 28;
iTOT     = 29;

TOT_VOLUME = 0;
TOT_MASS = zeros(29,12);
TOT_ADENS = zeros(29,12);
TOT_A = zeros(29,12);
TOT_H = zeros(29,12);

MAT_fuelp1r1_VOLUME = 5.332665E-01;

MAT_fuelp1r1_BURNUP = [
 0.00000E+00 1.00000E-01 5.00000E-01 1.00000E+00 5.00000E+00 1.00000E+01 1.50000E+01 2.00000E+01 2.50000E+01 3.00000E+01 3.50000E+01 4.00000E+01 % total
];

MAT_fuelp1r1_ADENS = [
 6.15137E-06 6.14240E-06 6.10663E-06 6.06190E-06 5.70781E-06 5.28229E-06 4.86962E-06 4.47111E-06 4.09169E-06 3.73104E-06 3.38572E-06 3.06186E-06 % 922340
 6.89185E-04 6.86486E-04 6.75792E-04 6.62682E-04 5.66531E-04 4.64385E-04 3.77848E-04 3.04205E-04 2.41973E-04 1.89820E-04 1.46767E-04 1.11896E-04 % 922350
 3.16249E-06 3.63858E-06 5.52864E-06 7.84493E-06 2.46983E-05 4.22365E-05 5.66071E-05 6.83130E-05 7.76196E-05 8.48243E-05 9.00835E-05 9.36480E-05 % 922360
 2.17092E-02 2.17078E-02 2.17023E-02 2.16954E-02 2.16386E-02 2.15641E-02 2.14854E-02 2.14025E-02 2.13151E-02 2.12233E-02 2.11268E-02 2.10262E-02 % 922380
 0.00000E+00 8.78330E-10 1.71515E-08 5.35414E-08 5.70997E-07 1.58725E-06 2.88655E-06 4.35759E-06 5.91690E-06 7.47461E-06 9.03333E-06 1.04933E-05 % 932370
 0.00000E+00 1.44482E-13 4.13307E-11 3.53325E-10 2.52143E-08 1.41508E-07 3.91104E-07 8.02635E-07 1.39137E-06 2.15848E-06 3.09007E-06 4.15574E-06 % 942380
 0.00000E+00 3.49147E-07 4.40349E-06 1.01100E-05 4.59594E-05 7.39447E-05 9.09134E-05 1.01109E-04 1.06975E-04 1.10118E-04 1.11671E-04 1.12072E-04 % 942390
 0.00000E+00 1.07479E-09 4.82972E-08 2.19031E-07 4.53764E-06 1.29066E-05 2.19502E-05 3.07254E-05 3.88938E-05 4.62567E-05 5.25803E-05 5.78520E-05 % 942400
 0.00000E+00 4.66913E-12 1.08839E-09 1.01205E-08 1.03701E-06 4.99773E-06 1.04984E-05 1.62219E-05 2.14277E-05 2.58073E-05 2.94021E-05 3.22759E-05 % 942410
 0.00000E+00 3.18885E-15 3.74520E-12 7.15593E-11 4.02593E-08 4.24950E-07 1.46291E-06 3.26353E-06 5.79498E-06 8.94058E-06 1.25824E-05 1.65977E-05 % 942420
 0.00000E+00 3.52454E-16 4.12020E-13 7.85506E-12 4.25408E-09 4.21544E-08 1.33129E-07 2.67859E-07 4.23887E-07 5.78324E-07 7.15469E-07 8.27738E-07 % 952410
 0.00000E+00 7.18318E-19 6.48773E-15 2.70013E-13 8.86902E-10 2.10400E-08 1.17431E-07 3.62416E-07 8.21548E-07 1.55148E-06 2.55956E-06 3.82403E-06 % 952430
 0.00000E+00 1.07371E-07 2.19719E-07 2.29277E-07 2.29975E-07 2.26192E-07 2.23790E-07 2.22336E-07 2.21308E-07 2.20825E-07 2.20799E-07 2.20970E-07 % 420990
 0.00000E+00 2.97565E-08 4.85955E-07 1.19722E-06 6.92691E-06 1.38852E-05 2.06005E-05 2.70769E-05 3.33058E-05 3.92951E-05 4.50161E-05 5.04859E-05 % 430990
 0.00000E+00 1.21821E-07 6.14945E-07 1.23278E-06 6.23775E-06 1.25268E-05 1.88163E-05 2.50922E-05 3.13462E-05 3.75632E-05 4.37371E-05 4.98552E-05 % 441010
 0.00000E+00 1.57664E-09 3.86403E-08 1.45318E-07 2.34457E-06 6.20350E-06 1.01633E-05 1.39712E-05 1.75434E-05 2.08268E-05 2.37966E-05 2.64617E-05 % 451030
 0.00000E+00 7.53265E-10 5.99926E-09 1.54759E-08 1.92007E-07 5.92904E-07 1.13478E-06 1.78109E-06 2.50647E-06 3.29090E-06 4.10418E-06 4.93284E-06 % 471090
 0.00000E+00 9.74808E-09 3.36190E-07 1.03042E-06 7.22117E-06 1.47152E-05 2.18699E-05 2.86799E-05 3.51279E-05 4.12152E-05 4.69245E-05 5.22769E-05 % 551330
 0.00000E+00 2.39165E-12 2.58760E-10 1.73408E-09 8.28718E-08 3.32416E-07 6.89625E-07 1.10532E-06 1.54311E-06 1.97507E-06 2.37889E-06 2.74360E-06 % 621470
 0.00000E+00 6.30659E-09 4.19079E-08 5.16813E-08 6.00818E-08 6.67287E-08 7.06058E-08 7.22962E-08 7.24607E-08 7.16814E-08 7.08000E-08 6.93797E-08 % 621490
 0.00000E+00 1.19205E-09 5.54560E-08 1.76365E-07 1.28271E-06 2.81165E-06 4.46021E-06 6.19212E-06 7.97124E-06 9.76840E-06 1.15719E-05 1.33490E-05 % 621500
 0.00000E+00 4.77815E-09 3.98778E-08 7.70470E-08 2.07973E-07 2.56854E-07 2.87426E-07 3.12815E-07 3.35685E-07 3.56428E-07 3.76228E-07 3.95825E-07 % 621510
 0.00000E+00 6.69727E-09 3.79412E-08 8.62767E-08 6.42390E-07 1.38953E-06 2.06540E-06 2.66256E-06 3.19227E-06 3.66284E-06 4.08308E-06 4.46202E-06 % 621520
 0.00000E+00 2.65727E-09 1.34453E-07 5.21015E-07 5.38845E-06 1.11162E-05 1.60588E-05 2.02781E-05 2.38130E-05 2.66959E-05 2.89675E-05 3.06881E-05 % 601430
 0.00000E+00 7.92130E-08 4.48316E-07 9.06427E-07 4.46239E-06 8.62198E-06 1.25058E-05 1.61362E-05 1.95254E-05 2.26889E-05 2.56245E-05 2.83519E-05 % 601450
 0.00000E+00 1.38149E-09 1.61112E-08 3.78146E-08 2.75209E-07 7.35891E-07 1.34231E-06 2.04812E-06 2.80852E-06 3.59274E-06 4.36880E-06 5.11715E-06 % 631530
 0.00000E+00 4.20374E-13 8.15117E-12 2.42488E-11 1.39777E-10 2.75431E-10 4.64363E-10 7.07728E-10 9.81154E-10 1.26257E-09 1.54839E-09 1.82131E-09 % 641550
 0.00000E+00 2.51626E-08 1.25924E-07 2.52585E-07 1.25930E-06 2.51112E-06 3.76321E-06 5.01628E-06 6.27692E-06 7.55102E-06 8.83772E-06 1.01369E-05 % lost data
 6.72427E-02 6.72451E-02 6.72545E-02 6.72663E-02 6.73609E-02 6.74784E-02 6.75952E-02 6.77115E-02 6.78273E-02 6.79428E-02 6.80580E-02 6.81729E-02 % total
];

