
BU = [ 0.00000E+00 1.00000E-01 5.00000E-01 1.00000E+00 5.00000E+00 1.00000E+01 1.50000E+01 2.00000E+01 2.50000E+01 3.00000E+01 3.50000E+01 4.00000E+01];

DAYS = [ 0.00000E+00 2.50000E+00 1.25000E+01 2.50000E+01 1.25000E+02 2.50000E+02 3.75000E+02 5.00000E+02 6.25000E+02 7.50000E+02 8.75000E+02 1.00000E+03];

ZAI = [
922340
922350
922360
922380
932370
942380
942390
942400
942410
942420
952410
952430
420990
430990
441010
451030
471090
551330
621470
621490
621500
621510
621520
601430
601450
631530
641550
666
0
];

NAMES = [
'U-234   '
'U-235   '
'U-236   '
'U-238   '
'Np-237  '
'Pu-238  '
'Pu-239  '
'Pu-240  '
'Pu-241  '
'Pu-242  '
'Am-241  '
'Am-243  '
'Mo-99   '
'Tc-99   '
'Ru-101  '
'Rh-103  '
'Ag-109  '
'Cs-133  '
'Sm-147  '
'Sm-149  '
'Sm-150  '
'Sm-151  '
'Sm-152  '
'Nd-143  '
'Nd-145  '
'Eu-153  '
'Gd-155  '
'lost    '
'total   '
];

i922340  = 1;
i922350  = 2;
i922360  = 3;
i922380  = 4;
i932370  = 5;
i942380  = 6;
i942390  = 7;
i942400  = 8;
i942410  = 9;
i942420  = 10;
i952410  = 11;
i952430  = 12;
i420990  = 13;
i430990  = 14;
i441010  = 15;
i451030  = 16;
i471090  = 17;
i551330  = 18;
i621470  = 19;
i621490  = 20;
i621500  = 21;
i621510  = 22;
i621520  = 23;
i601430  = 24;
i601450  = 25;
i631530  = 26;
i641550  = 27;
iLOST    = 28;
iTOT     = 29;

TOT_VOLUME = 0;
TOT_MASS = zeros(29,12);
TOT_ADENS = zeros(29,12);
TOT_A = zeros(29,12);
TOT_H = zeros(29,12);

MAT_fuelp1r1_VOLUME = 5.332665E-01;

MAT_fuelp1r1_BURNUP = [
 0.00000E+00 1.00000E-01 5.00000E-01 1.00000E+00 5.00000E+00 1.00000E+01 1.50000E+01 2.00000E+01 2.50000E+01 3.00000E+01 3.50000E+01 4.00000E+01 % total
];

MAT_fuelp1r1_ADENS = [
 6.15157E-06 6.14270E-06 6.10662E-06 6.06189E-06 5.71160E-06 5.28902E-06 4.88040E-06 4.48172E-06 4.10183E-06 3.73988E-06 3.39321E-06 3.06896E-06 % 922340
 6.89207E-04 6.86514E-04 6.75842E-04 6.62759E-04 5.66725E-04 4.64578E-04 3.77962E-04 3.04245E-04 2.41865E-04 1.89627E-04 1.46516E-04 1.11581E-04 % 922350
 3.16259E-06 3.62611E-06 5.46665E-06 7.72032E-06 2.41281E-05 4.12052E-05 5.51791E-05 6.64961E-05 7.54902E-05 8.23682E-05 8.73891E-05 9.07116E-05 % 922360
 2.17099E-02 2.17085E-02 2.17030E-02 2.16961E-02 2.16395E-02 2.15652E-02 2.14868E-02 2.14039E-02 2.13167E-02 2.12247E-02 2.11284E-02 2.10275E-02 % 922380
 0.00000E+00 7.79934E-10 1.54523E-08 4.87661E-08 5.41689E-07 1.54341E-06 2.83994E-06 4.33919E-06 5.93230E-06 7.56452E-06 9.13631E-06 1.06468E-05 % 932370
 0.00000E+00 1.24526E-13 3.68137E-11 3.18253E-10 2.37291E-08 1.36867E-07 3.83126E-07 7.96178E-07 1.39525E-06 2.18082E-06 3.14059E-06 4.24032E-06 % 942380
 0.00000E+00 3.48264E-07 4.40259E-06 1.00988E-05 4.59366E-05 7.38597E-05 9.08243E-05 1.01107E-04 1.06975E-04 1.10172E-04 1.11456E-04 1.12041E-04 % 942390
 0.00000E+00 9.66013E-10 4.68878E-08 2.15601E-07 4.52563E-06 1.28611E-05 2.19019E-05 3.07612E-05 3.89577E-05 4.63063E-05 5.26730E-05 5.79320E-05 % 942400
 0.00000E+00 4.11158E-12 1.03680E-09 1.00076E-08 1.03259E-06 4.99935E-06 1.04471E-05 1.60452E-05 2.11794E-05 2.55400E-05 2.90557E-05 3.18572E-05 % 942410
 0.00000E+00 2.75022E-15 3.50845E-12 6.96269E-11 3.99266E-08 4.25031E-07 1.46706E-06 3.27517E-06 5.82506E-06 9.01818E-06 1.27327E-05 1.68288E-05 % 942420
 0.00000E+00 3.05285E-16 3.87431E-13 7.66670E-12 4.20330E-09 4.16925E-08 1.30888E-07 2.61064E-07 4.10468E-07 5.57234E-07 6.85931E-07 7.89170E-07 % 952410
 0.00000E+00 5.32717E-19 5.35592E-15 2.31675E-13 7.72488E-10 1.86619E-08 1.04697E-07 3.24313E-07 7.38998E-07 1.40236E-06 2.32125E-06 3.49668E-06 % 952430
 0.00000E+00 1.08790E-07 2.22678E-07 2.32320E-07 2.32437E-07 2.28110E-07 2.25191E-07 2.23368E-07 2.21895E-07 2.21143E-07 2.20605E-07 2.20678E-07 % 420990
 0.00000E+00 3.01536E-08 4.92100E-07 1.21231E-06 7.00717E-06 1.40338E-05 2.08022E-05 2.73179E-05 3.35667E-05 3.95552E-05 4.52781E-05 5.07363E-05 % 430990
 0.00000E+00 1.22014E-07 6.16109E-07 1.23557E-06 6.26739E-06 1.26149E-05 1.89795E-05 2.53455E-05 3.16926E-05 3.80100E-05 4.42885E-05 5.05153E-05 % 441010
 0.00000E+00 1.56798E-09 3.83790E-08 1.44092E-07 2.30141E-06 6.04808E-06 9.87469E-06 1.35469E-05 1.69833E-05 2.01461E-05 2.29857E-05 2.54985E-05 % 451030
 0.00000E+00 5.38153E-10 4.53817E-09 1.25522E-08 1.81083E-07 5.77986E-07 1.11989E-06 1.76544E-06 2.48958E-06 3.26483E-06 4.06640E-06 4.87538E-06 % 471090
 0.00000E+00 9.63326E-09 3.32633E-07 1.01967E-06 7.14183E-06 1.45493E-05 2.16165E-05 2.83301E-05 3.46856E-05 4.06736E-05 4.62857E-05 5.15236E-05 % 551330
 0.00000E+00 2.42007E-12 2.61820E-10 1.75432E-09 8.37756E-08 3.35522E-07 6.94717E-07 1.11168E-06 1.54772E-06 1.97546E-06 2.37351E-06 2.72824E-06 % 621470
 0.00000E+00 6.16595E-09 4.11408E-08 5.08677E-08 5.97571E-08 6.70259E-08 7.11065E-08 7.31234E-08 7.34344E-08 7.29459E-08 7.18311E-08 7.07023E-08 % 621490
 0.00000E+00 1.16095E-09 5.40325E-08 1.72211E-07 1.26176E-06 2.78412E-06 4.43500E-06 6.17905E-06 7.97472E-06 9.79867E-06 1.16195E-05 1.34207E-05 % 621500
 0.00000E+00 4.77861E-09 3.98961E-08 7.71050E-08 2.09001E-07 2.58714E-07 2.89899E-07 3.15777E-07 3.39382E-07 3.60605E-07 3.81540E-07 4.01224E-07 % 621510
 0.00000E+00 6.61332E-09 3.75456E-08 8.55825E-08 6.41107E-07 1.39196E-06 2.07879E-06 2.68609E-06 3.22904E-06 3.72711E-06 4.15068E-06 4.54691E-06 % 621520
 0.00000E+00 2.66223E-09 1.34725E-07 5.22185E-07 5.40839E-06 1.11703E-05 1.61486E-05 2.04011E-05 2.39654E-05 2.68714E-05 2.91605E-05 3.08890E-05 % 601430
 0.00000E+00 7.95956E-08 4.50534E-07 9.11229E-07 4.49765E-06 8.71606E-06 1.26725E-05 1.63899E-05 1.98789E-05 2.31461E-05 2.62022E-05 2.90589E-05 % 601450
 0.00000E+00 1.27566E-09 1.49860E-08 3.53874E-08 2.67029E-07 7.31543E-07 1.34875E-06 2.07917E-06 2.87042E-06 3.68070E-06 4.51623E-06 5.31561E-06 % 631530
 0.00000E+00 3.84976E-13 7.53666E-12 2.27414E-11 1.38668E-10 2.57257E-10 4.10881E-10 6.17612E-10 8.79033E-10 1.18336E-09 1.52028E-09 1.88266E-09 % 641550
 0.00000E+00 1.00296E-08 5.09405E-08 1.02812E-07 5.36103E-07 1.12854E-06 1.76857E-06 2.46006E-06 3.19367E-06 3.97205E-06 4.79423E-06 5.66879E-06 % lost data
 6.72449E-02 6.72473E-02 6.72567E-02 6.72686E-02 6.73635E-02 6.74815E-02 6.75988E-02 6.77156E-02 6.78319E-02 6.79479E-02 6.80637E-02 6.81792E-02 % total
];

