
BU = [ 0.00000E+00 1.00000E-01 5.00000E-01 1.00000E+00 5.00000E+00 1.00000E+01 1.50000E+01 2.00000E+01 2.50000E+01 3.00000E+01 3.50000E+01 4.00000E+01];

DAYS = [ 0.00000E+00 2.50000E+00 1.25000E+01 2.50000E+01 1.25000E+02 2.50000E+02 3.75000E+02 5.00000E+02 6.25000E+02 7.50000E+02 8.75000E+02 1.00000E+03];

ZAI = [
922340
922350
922360
922380
932370
942380
942390
942400
942410
942420
952410
952430
420990
430990
441010
451030
471090
551330
621470
621490
621500
621510
621520
601430
601450
631530
641550
666
0
];

NAMES = [
'U-234   '
'U-235   '
'U-236   '
'U-238   '
'Np-237  '
'Pu-238  '
'Pu-239  '
'Pu-240  '
'Pu-241  '
'Pu-242  '
'Am-241  '
'Am-243  '
'Mo-99   '
'Tc-99   '
'Ru-101  '
'Rh-103  '
'Ag-109  '
'Cs-133  '
'Sm-147  '
'Sm-149  '
'Sm-150  '
'Sm-151  '
'Sm-152  '
'Nd-143  '
'Nd-145  '
'Eu-153  '
'Gd-155  '
'lost    '
'total   '
];

i922340  = 1;
i922350  = 2;
i922360  = 3;
i922380  = 4;
i932370  = 5;
i942380  = 6;
i942390  = 7;
i942400  = 8;
i942410  = 9;
i942420  = 10;
i952410  = 11;
i952430  = 12;
i420990  = 13;
i430990  = 14;
i441010  = 15;
i451030  = 16;
i471090  = 17;
i551330  = 18;
i621470  = 19;
i621490  = 20;
i621500  = 21;
i621510  = 22;
i621520  = 23;
i601430  = 24;
i601450  = 25;
i631530  = 26;
i641550  = 27;
iLOST    = 28;
iTOT     = 29;

TOT_VOLUME = 0;
TOT_MASS = zeros(29,12);
TOT_ADENS = zeros(29,12);
TOT_A = zeros(29,12);
TOT_H = zeros(29,12);

MAT_fuelp1r1_VOLUME = 5.332665E-01;

MAT_fuelp1r1_BURNUP = [
 0.00000E+00 1.00000E-01 5.00000E-01 1.00000E+00 5.00000E+00 1.00000E+01 1.50000E+01 2.00000E+01 2.50000E+01 3.00000E+01 3.50000E+01 4.00000E+01 % total
];

MAT_fuelp1r1_ADENS = [
 6.15138E-06 6.14287E-06 6.10843E-06 6.06562E-06 5.72913E-06 5.31930E-06 4.92208E-06 4.53434E-06 4.16429E-06 3.80560E-06 3.46700E-06 3.14697E-06 % 922340
 6.89185E-04 6.86481E-04 6.75762E-04 6.62622E-04 5.66164E-04 4.63564E-04 3.76466E-04 3.02345E-04 2.39607E-04 1.87168E-04 1.44011E-04 1.09129E-04 % 922350
 3.16249E-06 3.63928E-06 5.53408E-06 7.85513E-06 2.47553E-05 4.23349E-05 5.67553E-05 6.84608E-05 7.77693E-05 8.48802E-05 9.00413E-05 9.34948E-05 % 922360
 2.17092E-02 2.17079E-02 2.17024E-02 2.16955E-02 2.16393E-02 2.15654E-02 2.14873E-02 2.14048E-02 2.13177E-02 2.12257E-02 2.11291E-02 2.10281E-02 % 922380
 0.00000E+00 8.85524E-10 1.71929E-08 5.39429E-08 5.82965E-07 1.63877E-06 2.97972E-06 4.51978E-06 6.15512E-06 7.84693E-06 9.48648E-06 1.10197E-05 % 932370
 0.00000E+00 1.36024E-13 3.93274E-11 3.37689E-10 2.45435E-08 1.39929E-07 3.89164E-07 8.02660E-07 1.39941E-06 2.18282E-06 3.13877E-06 4.23011E-06 % 942380
 0.00000E+00 3.46072E-07 4.37431E-06 1.00341E-05 4.55415E-05 7.31727E-05 8.99090E-05 9.98303E-05 1.05547E-04 1.08635E-04 1.10044E-04 1.10367E-04 % 942390
 0.00000E+00 1.06575E-09 4.81359E-08 2.18278E-07 4.52032E-06 1.28939E-05 2.19684E-05 3.08322E-05 3.90886E-05 4.65225E-05 5.28922E-05 5.82066E-05 % 942400
 0.00000E+00 4.61309E-12 1.07033E-09 1.00433E-08 1.02806E-06 4.94321E-06 1.03552E-05 1.59557E-05 2.10300E-05 2.53318E-05 2.88717E-05 3.16168E-05 % 942410
 0.00000E+00 3.29336E-15 3.85647E-12 7.42823E-11 4.19566E-08 4.43635E-07 1.53414E-06 3.42960E-06 6.10373E-06 9.46248E-06 1.33719E-05 1.77040E-05 % 942420
 0.00000E+00 3.48367E-16 4.05047E-13 7.77272E-12 4.16844E-09 4.06374E-08 1.26283E-07 2.49663E-07 3.88376E-07 5.21096E-07 6.35265E-07 7.23718E-07 % 952410
 0.00000E+00 6.61997E-19 5.94761E-15 2.50180E-13 8.17670E-10 1.95834E-08 1.09784E-07 3.44351E-07 7.90900E-07 1.48823E-06 2.46346E-06 3.69930E-06 % 952430
 0.00000E+00 1.07506E-07 2.19939E-07 2.29471E-07 2.29747E-07 2.25579E-07 2.22826E-07 2.20850E-07 2.19497E-07 2.18588E-07 2.18047E-07 2.17839E-07 % 420990
 0.00000E+00 2.97901E-08 4.86465E-07 1.19828E-06 6.92464E-06 1.38588E-05 2.05283E-05 2.69323E-05 3.30672E-05 3.89156E-05 4.44889E-05 4.97925E-05 % 430990
 0.00000E+00 1.22104E-07 6.16470E-07 1.23619E-06 6.26716E-06 1.26076E-05 1.89608E-05 2.53040E-05 3.16271E-05 3.79130E-05 4.41522E-05 5.03390E-05 % 441010
 0.00000E+00 1.59987E-09 3.91338E-08 1.46887E-07 2.34307E-06 6.15237E-06 1.00421E-05 1.37701E-05 1.72526E-05 2.04436E-05 2.33100E-05 2.58523E-05 % 451030
 0.00000E+00 6.02658E-10 5.09695E-09 1.40512E-08 2.00534E-07 6.36613E-07 1.22914E-06 1.93171E-06 2.71677E-06 3.55017E-06 4.41449E-06 5.28909E-06 % 471090
 0.00000E+00 9.61435E-09 3.31353E-07 1.01561E-06 7.12366E-06 1.45338E-05 2.16097E-05 2.83597E-05 3.47597E-05 4.07936E-05 4.64759E-05 5.17975E-05 % 551330
 0.00000E+00 2.38390E-12 2.57870E-10 1.72789E-09 8.25454E-08 3.30475E-07 6.84722E-07 1.09548E-06 1.52470E-06 1.94555E-06 2.33648E-06 2.68464E-06 % 621470
 0.00000E+00 6.15387E-09 4.02787E-08 4.92909E-08 5.77535E-08 6.46622E-08 6.83107E-08 7.00171E-08 7.01644E-08 6.95452E-08 6.84055E-08 6.69317E-08 % 621490
 0.00000E+00 1.19970E-09 5.52398E-08 1.74588E-07 1.26800E-06 2.79490E-06 4.44757E-06 6.18958E-06 7.98440E-06 9.80243E-06 1.16183E-05 1.34051E-05 % 621500
 0.00000E+00 4.80614E-09 4.01040E-08 7.74800E-08 2.09538E-07 2.59276E-07 2.90086E-07 3.15475E-07 3.37638E-07 3.58982E-07 3.79020E-07 3.97542E-07 % 621510
 0.00000E+00 6.47433E-09 3.69137E-08 8.44952E-08 6.40559E-07 1.39551E-06 2.08328E-06 2.69702E-06 3.24031E-06 3.72518E-06 4.16747E-06 4.55580E-06 % 621520
 0.00000E+00 2.65704E-09 1.34497E-07 5.21194E-07 5.38759E-06 1.11039E-05 1.60183E-05 2.01875E-05 2.36505E-05 2.64369E-05 2.85936E-05 3.01784E-05 % 601430
 0.00000E+00 7.96024E-08 4.50581E-07 9.11257E-07 4.49595E-06 8.70956E-06 1.26596E-05 1.63654E-05 1.98419E-05 2.30968E-05 2.61318E-05 2.89589E-05 % 601450
 0.00000E+00 1.27643E-09 1.49151E-08 3.51346E-08 2.63324E-07 7.19662E-07 1.32790E-06 2.03766E-06 2.80811E-06 3.60033E-06 4.38064E-06 5.14758E-06 % 631530
 0.00000E+00 3.94075E-13 7.64561E-12 2.27808E-11 1.33116E-10 2.62821E-10 4.43524E-10 6.76156E-10 9.42777E-10 1.21979E-09 1.50133E-09 1.75974E-09 % 641550
 0.00000E+00 2.11601E-10 1.05557E-09 2.09990E-09 1.00956E-08 1.94107E-08 2.82568E-08 3.67965E-08 4.51278E-08 5.33024E-08 6.13600E-08 6.93342E-08 % lost data
 6.72428E-02 6.72451E-02 6.72546E-02 6.72664E-02 6.73612E-02 6.74791E-02 6.75962E-02 6.77129E-02 6.78292E-02 6.79452E-02 6.80608E-02 6.81763E-02 % total
];

