
DETpinpowers = [
    1    1    1    1     1     1     1    1    1    1  1.78805E+02 0.02383 
    2    1    1    1     1     1     1    1    1    2  1.70331E+02 0.02318 
    3    1    1    1     1     1     1    1    1    3  1.80811E+02 0.02289 
    4    1    1    1     1     1     1    1    1    4  1.78707E+02 0.02326 
    5    1    1    1     1     1     1    1    1    5  1.78108E+02 0.02253 
    6    1    1    1     1     1     1    1    1    6  1.82291E+02 0.02217 
    7    1    1    1     1     1     1    1    1    7  1.86481E+02 0.02221 
    8    1    1    1     1     1     1    1    1    8  1.83616E+02 0.02208 
    9    1    1    1     1     1     1    1    1    9  1.83397E+02 0.02249 
   10    1    1    1     1     1     1    1    1   10  1.84836E+02 0.02282 
   11    1    1    1     1     1     1    1    1   11  1.77862E+02 0.02279 
   12    1    1    1     1     1     1    1    1   12  1.82012E+02 0.02309 
   13    1    1    1     1     1     1    1    1   13  1.85707E+02 0.02244 
   14    1    1    1     1     1     1    1    1   14  1.77822E+02 0.02285 
   15    1    1    1     1     1     1    1    1   15  1.68434E+02 0.02317 
   16    1    1    1     1     1     1    1    1   16  1.74209E+02 0.02282 
   17    1    1    1     1     1     1    1    1   17  1.77383E+02 0.02359 
   18    1    1    1     1     1     1    1    2    1  1.70603E+02 0.02288 
   19    1    1    1     1     1     1    1    2    2  1.71590E+02 0.02238 
   20    1    1    1     1     1     1    1    2    3  1.58913E+02 0.02298 
   21    1    1    1     1     1     1    1    2    4  1.72189E+02 0.02219 
   22    1    1    1     1     1     1    1    2    5  1.78517E+02 0.02262 
   23    1    1    1     1     1     1    1    2    6  1.81327E+02 0.02179 
   24    1    1    1     1     1     1    1    2    7  1.74144E+02 0.02181 
   25    1    1    1     1     1     1    1    2    8  1.73773E+02 0.02244 
   26    1    1    1     1     1     1    1    2    9  1.78011E+02 0.02239 
   27    1    1    1     1     1     1    1    2   10  1.75186E+02 0.02282 
   28    1    1    1     1     1     1    1    2   11  1.78361E+02 0.02237 
   29    1    1    1     1     1     1    1    2   12  1.91161E+02 0.02197 
   30    1    1    1     1     1     1    1    2   13  1.77303E+02 0.02264 
   31    1    1    1     1     1     1    1    2   14  1.75812E+02 0.02202 
   32    1    1    1     1     1     1    1    2   15  1.64298E+02 0.02224 
   33    1    1    1     1     1     1    1    2   16  1.67829E+02 0.02224 
   34    1    1    1     1     1     1    1    2   17  1.67524E+02 0.02335 
   35    1    1    1     1     1     1    1    3    1  1.77130E+02 0.02321 
   36    1    1    1     1     1     1    1    3    2  1.63669E+02 0.02273 
   37    1    1    1     1     1     1    1    3    3  1.36714E+01 0.02757 
   38    1    1    1     1     1     1    1    3    4  1.66116E+02 0.02271 
   39    1    1    1     1     1     1    1    3    5  1.73809E+02 0.02206 
   40    1    1    1     1     1     1    1    3    6  0.00000E+00 0.00000 
   41    1    1    1     1     1     1    1    3    7  1.77040E+02 0.02167 
   42    1    1    1     1     1     1    1    3    8  1.65319E+02 0.02285 
   43    1    1    1     1     1     1    1    3    9  0.00000E+00 0.00000 
   44    1    1    1     1     1     1    1    3   10  1.70401E+02 0.02189 
   45    1    1    1     1     1     1    1    3   11  1.77441E+02 0.02269 
   46    1    1    1     1     1     1    1    3   12  0.00000E+00 0.00000 
   47    1    1    1     1     1     1    1    3   13  1.74132E+02 0.02196 
   48    1    1    1     1     1     1    1    3   14  1.66244E+02 0.02235 
   49    1    1    1     1     1     1    1    3   15  1.41765E+01 0.02801 
   50    1    1    1     1     1     1    1    3   16  1.63312E+02 0.02310 
   51    1    1    1     1     1     1    1    3   17  1.68534E+02 0.02275 
   52    1    1    1     1     1     1    1    4    1  1.71003E+02 0.02340 
   53    1    1    1     1     1     1    1    4    2  1.66676E+02 0.02274 
   54    1    1    1     1     1     1    1    4    3  1.59148E+02 0.02305 
   55    1    1    1     1     1     1    1    4    4  0.00000E+00 0.00000 
   56    1    1    1     1     1     1    1    4    5  1.67198E+02 0.02280 
   57    1    1    1     1     1     1    1    4    6  1.74915E+02 0.02217 
   58    1    1    1     1     1     1    1    4    7  1.55007E+02 0.02249 
   59    1    1    1     1     1     1    1    4    8  1.33276E+01 0.02907 
   60    1    1    1     1     1     1    1    4    9  1.45351E+02 0.02338 
   61    1    1    1     1     1     1    1    4   10  1.34568E+01 0.02811 
   62    1    1    1     1     1     1    1    4   11  1.57687E+02 0.02327 
   63    1    1    1     1     1     1    1    4   12  1.67671E+02 0.02289 
   64    1    1    1     1     1     1    1    4   13  1.68920E+02 0.02274 
   65    1    1    1     1     1     1    1    4   14  0.00000E+00 0.00000 
   66    1    1    1     1     1     1    1    4   15  1.68252E+02 0.02279 
   67    1    1    1     1     1     1    1    4   16  1.70753E+02 0.02292 
   68    1    1    1     1     1     1    1    4   17  1.80277E+02 0.02292 
   69    1    1    1     1     1     1    1    5    1  1.72901E+02 0.02257 
   70    1    1    1     1     1     1    1    5    2  1.76170E+02 0.02186 
   71    1    1    1     1     1     1    1    5    3  1.77063E+02 0.02254 
   72    1    1    1     1     1     1    1    5    4  1.68996E+02 0.02268 
   73    1    1    1     1     1     1    1    5    5  1.36286E+01 0.02700 
   74    1    1    1     1     1     1    1    5    6  1.61825E+02 0.02292 
   75    1    1    1     1     1     1    1    5    7  1.65995E+02 0.02282 
   76    1    1    1     1     1     1    1    5    8  1.50381E+02 0.02328 
   77    1    1    1     1     1     1    1    5    9  1.61942E+02 0.02263 
   78    1    1    1     1     1     1    1    5   10  1.65341E+02 0.02346 
   79    1    1    1     1     1     1    1    5   11  1.60619E+02 0.02315 
   80    1    1    1     1     1     1    1    5   12  1.62442E+02 0.02313 
   81    1    1    1     1     1     1    1    5   13  1.33094E+01 0.02752 
   82    1    1    1     1     1     1    1    5   14  1.64928E+02 0.02289 
   83    1    1    1     1     1     1    1    5   15  1.84142E+02 0.02220 
   84    1    1    1     1     1     1    1    5   16  1.83854E+02 0.02267 
   85    1    1    1     1     1     1    1    5   17  1.75814E+02 0.02249 
   86    1    1    1     1     1     1    1    6    1  1.82081E+02 0.02242 
   87    1    1    1     1     1     1    1    6    2  1.86680E+02 0.02179 
   88    1    1    1     1     1     1    1    6    3  0.00000E+00 0.00000 
   89    1    1    1     1     1     1    1    6    4  1.70420E+02 0.02244 
   90    1    1    1     1     1     1    1    6    5  1.65269E+02 0.02243 
   91    1    1    1     1     1     1    1    6    6  0.00000E+00 0.00000 
   92    1    1    1     1     1     1    1    6    7  1.62417E+02 0.02301 
   93    1    1    1     1     1     1    1    6    8  1.65507E+02 0.02306 
   94    1    1    1     1     1     1    1    6    9  0.00000E+00 0.00000 
   95    1    1    1     1     1     1    1    6   10  1.66766E+02 0.02315 
   96    1    1    1     1     1     1    1    6   11  1.55355E+02 0.02261 
   97    1    1    1     1     1     1    1    6   12  0.00000E+00 0.00000 
   98    1    1    1     1     1     1    1    6   13  1.61035E+02 0.02349 
   99    1    1    1     1     1     1    1    6   14  1.76225E+02 0.02276 
  100    1    1    1     1     1     1    1    6   15  0.00000E+00 0.00000 
  101    1    1    1     1     1     1    1    6   16  1.81882E+02 0.02138 
  102    1    1    1     1     1     1    1    6   17  1.84620E+02 0.02233 
  103    1    1    1     1     1     1    1    7    1  1.85270E+02 0.02235 
  104    1    1    1     1     1     1    1    7    2  1.71661E+02 0.02242 
  105    1    1    1     1     1     1    1    7    3  1.73838E+02 0.02223 
