% ----- Distribution at level 0 (first lattice):

lvl0 = [
  17 8.35079E+07  0.05613 % a
  18 1.02072E+08  0.02315 % a
  19 1.04872E+08  0.01996 % a
  20 1.71907E+08  0.03475 % a
  24 9.27808E+07  0.00783 % a
  26 1.12165E+08  0.00024 % a
  31 9.12533E+07  0.01175 % a
  32 9.93427E+07  0.01364 % a
  33 9.20998E+07  0.01625 % a
];

% Number and fraction of bins with statistical errors
% below 0.01, 0.02, 0.05 and 0.10:

n0 = [ 2 6 8 9 ];
f0 = [ 0.22222 0.66667 0.88889 1.00000 ];

% Distribution of statistical errors (1% bins):

prof0 = [ 1.11111E-01 0.00000E+00 0.00000E+00 1.11111E-01 0.00000E+00 1.11111E-01 1.11111E-01 0.00000E+00 1.11111E-01 1.11111E-01 0.00000E+00 1.11111E-01 0.00000E+00 0.00000E+00 0.00000E+00 0.00000E+00 0.00000E+00 1.11111E-01 0.00000E+00 0.00000E+00 0.00000E+00 0.00000E+00 0.00000E+00 0.00000E+00 0.00000E+00 0.00000E+00 0.00000E+00 0.00000E+00 1.11111E-01 0.00000E+00 0.00000E+00 0.00000E+00 0.00000E+00 0.00000E+00 0.00000E+00 0.00000E+00 0.00000E+00 0.00000E+00 0.00000E+00 0.00000E+00 0.00000E+00 0.00000E+00 0.00000E+00 0.00000E+00 0.00000E+00 0.00000E+00 0.00000E+00 0.00000E+00 0.00000E+00 0.00000E+00 0.00000E+00 0.00000E+00 0.00000E+00 0.00000E+00 0.00000E+00 0.00000E+00 0.00000E+00 0.00000E+00 0.00000E+00 0.00000E+00 0.00000E+00 0.00000E+00 0.00000E+00 0.00000E+00 0.00000E+00 0.00000E+00 0.00000E+00 0.00000E+00 0.00000E+00 0.00000E+00 0.00000E+00 0.00000E+00 0.00000E+00 0.00000E+00 0.00000E+00 0.00000E+00 0.00000E+00 0.00000E+00 0.00000E+00 0.00000E+00 0.00000E+00 0.00000E+00 0.00000E+00 0.00000E+00 0.00000E+00 0.00000E+00 0.00000E+00 0.00000E+00 0.00000E+00 0.00000E+00 0.00000E+00 0.00000E+00 0.00000E+00 0.00000E+00 0.00000E+00 0.00000E+00 0.00000E+00 0.00000E+00 0.00000E+00 0.00000E+00 ];

% Cumulative distribution of statistical errors (1% bins):

cum0 = [ 1.11111E-01 1.11111E-01 1.11111E-01 2.22222E-01 2.22222E-01 3.33333E-01 4.44444E-01 4.44444E-01 5.55556E-01 6.66667E-01 6.66667E-01 7.77778E-01 7.77778E-01 7.77778E-01 7.77778E-01 7.77778E-01 7.77778E-01 8.88889E-01 8.88889E-01 8.88889E-01 8.88889E-01 8.88889E-01 8.88889E-01 8.88889E-01 8.88889E-01 8.88889E-01 8.88889E-01 8.88889E-01 1.00000E+00 1.00000E+00 1.00000E+00 1.00000E+00 1.00000E+00 1.00000E+00 1.00000E+00 1.00000E+00 1.00000E+00 1.00000E+00 1.00000E+00 1.00000E+00 1.00000E+00 1.00000E+00 1.00000E+00 1.00000E+00 1.00000E+00 1.00000E+00 1.00000E+00 1.00000E+00 1.00000E+00 1.00000E+00 1.00000E+00 1.00000E+00 1.00000E+00 1.00000E+00 1.00000E+00 1.00000E+00 1.00000E+00 1.00000E+00 1.00000E+00 1.00000E+00 1.00000E+00 1.00000E+00 1.00000E+00 1.00000E+00 1.00000E+00 1.00000E+00 1.00000E+00 1.00000E+00 1.00000E+00 1.00000E+00 1.00000E+00 1.00000E+00 1.00000E+00 1.00000E+00 1.00000E+00 1.00000E+00 1.00000E+00 1.00000E+00 1.00000E+00 1.00000E+00 1.00000E+00 1.00000E+00 1.00000E+00 1.00000E+00 1.00000E+00 1.00000E+00 1.00000E+00 1.00000E+00 1.00000E+00 1.00000E+00 1.00000E+00 1.00000E+00 1.00000E+00 1.00000E+00 1.00000E+00 1.00000E+00 1.00000E+00 1.00000E+00 1.00000E+00 1.00000E+00 ];

% ----- Distribution at level 1 (second lattice):

lvl1 = [
  17  23 4.95093E+05  0.15977 % p
  17  24 6.33950E+05  0.25512 % p
  17  25 4.98073E+05  0.29988 % p
  17  26 4.30248E+05  0.10050 % p
  17  27 6.39052E+05  0.06371 % p
  17  28 4.98289E+05  0.12531 % p
  17  29 5.83222E+05  0.17645 % p
  17  37 4.90693E+05  0.12572 % p
  17  38 5.48766E+05  0.01175 % p
  17  39 5.07078E+05  0.05679 % p
  17  40 6.83412E+05  0.20848 % p
  17  41 5.57551E+05  0.19465 % p
  17  42 5.32029E+05  0.10028 % p
  17  43 6.11271E+05  0.11206 % p
  17  44 6.07299E+05  0.22243 % p
  17  51 5.28947E+05  0.15423 % p
  17  52 5.76546E+05  0.18139 % p
  17  53 5.87468E+05  0.08101 % p
  17  54 6.38608E+05  0.08934 % p
  17  55 6.35204E+05  0.10980 % p
  17  56 5.04230E+05  0.15003 % p
  17  57 7.03369E+05  0.12194 % p
  17  58 5.78048E+05  0.04302 % p
  17  59 5.64726E+05  0.00120 % p
  17  65 5.59659E+05  0.01864 % p
  17  66 5.20406E+05  0.14571 % p
  17  67 6.48477E+05  0.27248 % p
  17  68 6.68810E+05  0.08773 % p
  17  69 7.04342E+05  0.12771 % p
  17  70 6.98283E+05  0.16204 % p
  17  71 5.89100E+05  0.05771 % p
  17  72 6.27986E+05  0.01407 % p
  17  73 6.44251E+05  0.26436 % p
  17  74 7.45822E+05  0.03617 % p
  17  79 5.72354E+05  0.04367 % p
  17  80 5.70990E+05  0.16110 % p
  17  81 5.61364E+05  0.02876 % p
  17  82 6.53436E+05  0.07758 % p
  17  83 5.52235E+05  0.30335 % p
  17  84 8.08729E+05  0.13414 % p
  17  85 5.95228E+05  0.22044 % p
  17  86 8.54304E+05  0.09244 % p
  17  87 6.18898E+05  0.18087 % p
  17  88 5.63964E+05  0.19880 % p
  17  89 6.60605E+05  0.09057 % p
  17  93 7.01501E+05  0.01257 % p
  17  94 6.17729E+05  0.12171 % p
  17  95 5.37383E+05  0.16352 % p
  17  96 7.21851E+05  0.27903 % p
  17  97 6.22439E+05  0.05007 % p
  17  98 5.40501E+05  0.20129 % p
  17  99 8.26170E+05  0.21127 % p
  17 100 6.04567E+05  0.23510 % p
  17 101 6.65139E+05  0.09568 % p
  17 102 6.49149E+05  0.05192 % p
  17 103 6.80034E+05  0.16971 % p
  17 104 5.88724E+05  0.16035 % p
  17 107 6.22342E+05  0.22083 % p
  17 108 6.91014E+05  0.31054 % p
  17 109 7.19445E+05  0.04935 % p
  17 110 5.65254E+05  0.13803 % p
  17 111 6.99729E+05  0.18581 % p
  17 112 4.42903E+05  0.04847 % p
  17 113 6.26177E+05  0.01119 % p
  17 114 6.78112E+05  0.05255 % p
  17 115 5.53941E+05  0.04613 % p
  17 116 6.71213E+05  0.16542 % p
  17 117 6.70031E+05  0.04938 % p
  17 118 6.77448E+05  0.04227 % p
  17 119 6.66555E+05  0.01938 % p
  17 122 5.28181E+05  0.02868 % p
  17 123 4.70820E+05  0.20900 % p
  17 124 8.11582E+05  0.12830 % p
  17 125 7.19231E+05  0.08394 % p
  17 126 6.61591E+05  0.09086 % p
  17 127 6.31405E+05  0.18952 % p
  17 128 7.39358E+05  0.15020 % p
  17 129 7.24624E+05  0.20409 % p
  17 130 8.08917E+05  0.23676 % p
  17 131 6.40525E+05  0.12004 % p
  17 132 6.18256E+05  0.24025 % p
  17 133 7.11441E+05  0.02124 % p
  17 137 6.06444E+05  0.03518 % p
  17 138 7.85065E+05  0.08873 % p
  17 139 6.52399E+05  0.03762 % p
  17 140 6.35211E+05  0.14792 % p
  17 141 6.03780E+05  0.00357 % p
  17 142 6.52664E+05  0.19783 % p
  17 143 4.70507E+05  0.01548 % p
  17 144 6.15720E+05  0.16459 % p
  17 145 9.22630E+05  0.05987 % p
  17 146 8.39025E+05  0.05474 % p
  17 147 6.81729E+05  0.12905 % p
  17 152 6.22265E+05  0.02616 % p
  17 153 5.53398E+05  0.06528 % p
  17 154 6.53341E+05  0.00530 % p
  17 155 5.66559E+05  0.10933 % p
  17 156 5.45965E+05  0.08017 % p
  17 157 7.51044E+05  0.05106 % p
  17 158 6.63093E+05  0.11921 % p
  17 159 8.44355E+05  0.31511 % p
  17 160 6.96885E+05  0.15624 % p
  17 161 6.53281E+05  0.00898 % p
  17 167 6.64182E+05  0.02753 % p
  17 168 4.60781E+05  0.09999 % p
  17 169 5.38005E+05  0.02610 % p
  17 170 6.89291E+05  0.00965 % p
  17 171 7.89417E+05  0.13372 % p
  17 172 7.61448E+05  0.04328 % p
  17 173 1.00824E+06  0.04822 % p
  17 174 7.79394E+05  0.01951 % p
  17 175 9.74759E+05  0.15138 % p
  17 182 6.94767E+05  0.15905 % p
  17 183 7.16643E+05  0.08698 % p
  17 184 6.96526E+05  0.00123 % p
  17 185 7.36788E+05  0.16804 % p
  17 186 9.21791E+05  0.14080 % p
  17 187 7.36982E+05  0.13450 % p
  17 188 8.19639E+05  0.13681 % p
  17 189 7.88752E+05  0.02841 % p
  17 197 5.95246E+05  0.02765 % p
  17 198 7.57518E+05  0.04000 % p
  17 199 7.74960E+05  0.15806 % p
  17 200 8.34790E+05  0.06281 % p
  17 201 7.97290E+05  0.15904 % p
  17 202 8.54471E+05  0.05652 % p
  17 203 9.43193E+05  0.00971 % p
  18  23 6.77223E+05  0.29979 % p
  18  24 7.38821E+05  0.01120 % p
  18  25 8.10467E+05  0.02833 % p
  18  26 8.34653E+05  0.08583 % p
  18  27 7.64322E+05  0.01069 % p
  18  28 7.47670E+05  0.31490 % p
  18  29 7.71838E+05  0.10537 % p
  18  37 8.02059E+05  0.17057 % p
  18  38 6.46996E+05  0.13686 % p
  18  39 6.99524E+05  0.16437 % p
  18  40 5.73628E+05  0.24655 % p
  18  41 7.31424E+05  0.06674 % p
  18  42 8.62017E+05  0.12476 % p
  18  43 7.08347E+05  0.00706 % p
  18  44 7.48814E+05  0.03016 % p
  18  51 7.63399E+05  0.12314 % p
  18  52 7.15273E+05  0.13241 % p
