
DETPwrCore_w_de = [
    1    1    1    1     1     1     1    1    1    1  8.10841E+08 0.00136 
    2    2    1    1     1     1     1    1    1    1  1.00384E+08 0.00105 
    3    3    1    1     1     1     1    1    1    1  2.52484E+07 0.03829 
    4    4    1    1     1     1     1    1    1    1  7.60994E+06 0.02285 
    5    5    1    1     1     1     1    1    1    1  2.99972E+06 0.02809 
    6    6    1    1     1     1     1    1    1    1  1.41454E+06 0.06504 
    7    7    1    1     1     1     1    1    1    1  6.21523E+05 0.09608 
    8    8    1    1     1     1     1    1    1    1  1.68144E+05 0.41176 
    9    9    1    1     1     1     1    1    1    1  5.01782E+04 0.29379 
   10   10    1    1     1     1     1    1    1    1  1.84174E+04 1.00000 
];


DETPwrCore_w_deE = [
 1.00000E-06  1.50000E+00  7.50001E-01
 1.50000E+00  3.00000E+00  2.25000E+00
 3.00000E+00  4.50000E+00  3.75000E+00
 4.50000E+00  6.00000E+00  5.25000E+00
 6.00000E+00  7.50000E+00  6.75000E+00
 7.50000E+00  9.00000E+00  8.25000E+00
 9.00000E+00  1.05000E+01  9.75000E+00
 1.05000E+01  1.20000E+01  1.12500E+01
 1.20000E+01  1.35000E+01  1.27500E+01
 1.35000E+01  1.50000E+01  1.42500E+01
];

DETPwrCore = [
    1    1    1    1     1     1     1    1    1    1  9.50000E+08 0.00000 
];


DETfuelP1_simple = [
    1    1    1    1     1     1     1    1    1    1  5.79412E+08 0.00511 
    2    1    1    1     2     1     1    1    1    1  1.93529E+07 0.01288 
    3    1    1    1     3     1     1    1    1    1  1.07567E+06 0.00721 
];


DETfuelP2_simple = [
    1    1    1    1     1     1     1    1    1    1  1.69436E+08 0.01947 
    2    1    1    1     2     1     1    1    1    1  5.09647E+06 0.02272 
    3    1    1    1     3     1     1    1    1    1  1.07567E+06 0.00721 
];


DETfuelP3_simple = [
    1    1    1    1     1     1     1    1    1    1  9.07151E+07 0.03821 
    2    1    1    1     2     1     1    1    1    1  5.78897E+07 0.04120 
    3    1    1    1     3     1     1    1    1    1  1.07567E+06 0.00721 
];


DETfuelP1_w_voll = [
    1    1    1    1     1     1     1    1    1    1  2.74807E+04 0.00511 
    2    1    1    1     2     1     1    1    1    1  9.17880E+02 0.01288 
    3    1    1    1     3     1     1    1    1    1  5.10173E+01 0.00721 
];


DETfuelP2_w_voll = [
    1    1    1    1     1     1     1    1    1    1  2.41083E+04 0.01947 
    2    1    1    1     2     1     1    1    1    1  7.25157E+02 0.02272 
    3    1    1    1     3     1     1    1    1    1  1.53052E+02 0.00721 
];


DETfuelP3_w_voll = [
    1    1    1    1     1     1     1    1    1    1  2.58150E+04 0.03821 
    2    1    1    1     2     1     1    1    1    1  1.64738E+04 0.04120 
    3    1    1    1     3     1     1    1    1    1  3.06104E+02 0.00721 
];


DETfuelP3Z1 = [
    1    1    1    1     1     1     1    1    1    1  9.07151E+07 0.03821 
];


DETfuelP3Z1_w_voll = [
    1    1    1    1     1     1     1    1    1    1  2.58150E+04 0.03821 
];

