% ----- Distribution at level 0 (first lattice):

lvl0 = [
  17 8.07444E+07  0.02236 % a
  18 1.04119E+08  0.00214 % a
  19 1.11825E+08  0.01626 % a
  20 1.57061E+08  0.03952 % a
  24 9.72873E+07  0.01810 % a
  26 1.13232E+08  0.00762 % a
  31 9.53298E+07  0.01542 % a
  32 1.01275E+08  0.02338 % a
  33 8.91275E+07  0.00021 % a
];

% Number and fraction of bins with statistical errors
% below 0.01, 0.02, 0.05 and 0.10:

n0 = [ 3 6 9 9 ];
f0 = [ 0.33333 0.66667 1.00000 1.00000 ];

% Distribution of statistical errors (1% bins):

prof0 = [ 1.11111E-01 1.11111E-01 0.00000E+00 1.11111E-01 0.00000E+00 0.00000E+00 0.00000E+00 1.11111E-01 1.11111E-01 1.11111E-01 0.00000E+00 2.22222E-01 0.00000E+00 0.00000E+00 0.00000E+00 0.00000E+00 0.00000E+00 0.00000E+00 0.00000E+00 1.11111E-01 0.00000E+00 0.00000E+00 0.00000E+00 0.00000E+00 0.00000E+00 0.00000E+00 0.00000E+00 0.00000E+00 0.00000E+00 0.00000E+00 0.00000E+00 0.00000E+00 0.00000E+00 0.00000E+00 0.00000E+00 0.00000E+00 0.00000E+00 0.00000E+00 0.00000E+00 0.00000E+00 0.00000E+00 0.00000E+00 0.00000E+00 0.00000E+00 0.00000E+00 0.00000E+00 0.00000E+00 0.00000E+00 0.00000E+00 0.00000E+00 0.00000E+00 0.00000E+00 0.00000E+00 0.00000E+00 0.00000E+00 0.00000E+00 0.00000E+00 0.00000E+00 0.00000E+00 0.00000E+00 0.00000E+00 0.00000E+00 0.00000E+00 0.00000E+00 0.00000E+00 0.00000E+00 0.00000E+00 0.00000E+00 0.00000E+00 0.00000E+00 0.00000E+00 0.00000E+00 0.00000E+00 0.00000E+00 0.00000E+00 0.00000E+00 0.00000E+00 0.00000E+00 0.00000E+00 0.00000E+00 0.00000E+00 0.00000E+00 0.00000E+00 0.00000E+00 0.00000E+00 0.00000E+00 0.00000E+00 0.00000E+00 0.00000E+00 0.00000E+00 0.00000E+00 0.00000E+00 0.00000E+00 0.00000E+00 0.00000E+00 0.00000E+00 0.00000E+00 0.00000E+00 0.00000E+00 0.00000E+00 ];

% Cumulative distribution of statistical errors (1% bins):

cum0 = [ 1.11111E-01 2.22222E-01 2.22222E-01 3.33333E-01 3.33333E-01 3.33333E-01 3.33333E-01 4.44444E-01 5.55556E-01 6.66667E-01 6.66667E-01 8.88889E-01 8.88889E-01 8.88889E-01 8.88889E-01 8.88889E-01 8.88889E-01 8.88889E-01 8.88889E-01 1.00000E+00 1.00000E+00 1.00000E+00 1.00000E+00 1.00000E+00 1.00000E+00 1.00000E+00 1.00000E+00 1.00000E+00 1.00000E+00 1.00000E+00 1.00000E+00 1.00000E+00 1.00000E+00 1.00000E+00 1.00000E+00 1.00000E+00 1.00000E+00 1.00000E+00 1.00000E+00 1.00000E+00 1.00000E+00 1.00000E+00 1.00000E+00 1.00000E+00 1.00000E+00 1.00000E+00 1.00000E+00 1.00000E+00 1.00000E+00 1.00000E+00 1.00000E+00 1.00000E+00 1.00000E+00 1.00000E+00 1.00000E+00 1.00000E+00 1.00000E+00 1.00000E+00 1.00000E+00 1.00000E+00 1.00000E+00 1.00000E+00 1.00000E+00 1.00000E+00 1.00000E+00 1.00000E+00 1.00000E+00 1.00000E+00 1.00000E+00 1.00000E+00 1.00000E+00 1.00000E+00 1.00000E+00 1.00000E+00 1.00000E+00 1.00000E+00 1.00000E+00 1.00000E+00 1.00000E+00 1.00000E+00 1.00000E+00 1.00000E+00 1.00000E+00 1.00000E+00 1.00000E+00 1.00000E+00 1.00000E+00 1.00000E+00 1.00000E+00 1.00000E+00 1.00000E+00 1.00000E+00 1.00000E+00 1.00000E+00 1.00000E+00 1.00000E+00 1.00000E+00 1.00000E+00 1.00000E+00 1.00000E+00 ];

% ----- Distribution at level 1 (second lattice):

lvl1 = [
  17  23 3.53482E+05  0.04513 % p
  17  24 4.84324E+05  0.02917 % p
  17  25 4.07824E+05  0.33977 % p
  17  26 3.75107E+05  0.03287 % p
  17  27 4.67402E+05  0.03208 % p
  17  28 6.51009E+05  0.04836 % p
  17  29 7.26395E+05  0.08687 % p
  17  37 4.56079E+05  0.03484 % p
  17  38 5.44684E+05  0.25825 % p
  17  39 4.93806E+05  0.11693 % p
  17  40 5.26801E+05  0.06631 % p
  17  41 5.97072E+05  0.02622 % p
  17  42 6.15298E+05  0.14195 % p
  17  43 4.54388E+05  0.24912 % p
  17  44 4.47803E+05  0.24348 % p
  17  51 3.85483E+05  0.00056 % p
  17  52 4.80122E+05  0.31199 % p
  17  53 6.36786E+05  0.21651 % p
  17  54 6.43806E+05  0.16105 % p
  17  55 5.54132E+05  0.08160 % p
  17  56 6.58205E+05  0.07761 % p
  17  57 6.29733E+05  0.03739 % p
  17  58 6.15592E+05  0.08407 % p
  17  59 4.50794E+05  0.09760 % p
  17  65 7.43342E+05  0.13326 % p
  17  66 7.28193E+05  0.13310 % p
  17  67 5.66918E+05  0.06398 % p
  17  68 6.02749E+05  0.20108 % p
  17  69 6.97532E+05  0.08740 % p
  17  70 4.68627E+05  0.31712 % p
  17  71 5.56743E+05  0.05909 % p
  17  72 6.91058E+05  0.09290 % p
  17  73 6.11034E+05  0.03595 % p
  17  74 4.41593E+05  0.08783 % p
  17  79 6.32597E+05  0.17801 % p
  17  80 6.28284E+05  0.06749 % p
  17  81 5.12155E+05  0.08445 % p
  17  82 6.29456E+05  0.09395 % p
  17  83 6.61611E+05  0.17009 % p
  17  84 6.88151E+05  0.17480 % p
  17  85 6.18937E+05  0.08668 % p
  17  86 5.54376E+05  0.06070 % p
  17  87 5.89699E+05  0.04573 % p
  17  88 7.90738E+05  0.23767 % p
  17  89 5.04067E+05  0.14308 % p
  17  93 5.66603E+05  0.04394 % p
  17  94 6.14087E+05  0.11870 % p
  17  95 5.29930E+05  0.16176 % p
  17  96 5.57621E+05  0.01257 % p
  17  97 8.76908E+05  0.16391 % p
  17  98 6.02285E+05  0.05316 % p
  17  99 5.96409E+05  0.29179 % p
  17 100 5.91889E+05  0.00259 % p
  17 101 5.57685E+05  0.15611 % p
  17 102 6.58750E+05  0.00086 % p
  17 103 5.78323E+05  0.15191 % p
  17 104 4.28510E+05  0.05148 % p
  17 107 4.99531E+05  0.10279 % p
  17 108 5.56028E+05  0.14100 % p
  17 109 6.38013E+05  0.12829 % p
  17 110 4.82467E+05  0.06595 % p
  17 111 6.99289E+05  0.20791 % p
  17 112 6.59287E+05  0.10873 % p
  17 113 6.44478E+05  0.20148 % p
  17 114 5.96342E+05  0.00732 % p
  17 115 7.08715E+05  0.04104 % p
  17 116 5.85097E+05  0.04215 % p
  17 117 5.90775E+05  0.12898 % p
  17 118 6.66965E+05  0.12493 % p
  17 119 6.32834E+05  0.14491 % p
  17 122 6.48859E+05  0.12580 % p
  17 123 5.50326E+05  0.22554 % p
  17 124 6.05697E+05  0.00313 % p
  17 125 7.25909E+05  0.21426 % p
  17 126 8.74782E+05  0.10826 % p
  17 127 7.70120E+05  0.17271 % p
  17 128 8.06054E+05  0.02079 % p
  17 129 7.06152E+05  0.04002 % p
  17 130 5.71577E+05  0.37736 % p
  17 131 5.75492E+05  0.24040 % p
  17 132 8.39052E+05  0.01010 % p
  17 133 8.43592E+05  0.14969 % p
  17 137 8.29841E+05  0.05974 % p
  17 138 5.25230E+05  0.25678 % p
  17 139 5.34149E+05  0.27120 % p
  17 140 7.01443E+05  0.06615 % p
  17 141 7.24407E+05  0.01306 % p
  17 142 6.65255E+05  0.15418 % p
  17 143 5.82884E+05  0.24427 % p
  17 144 6.77716E+05  0.07871 % p
  17 145 6.28483E+05  0.04944 % p
  17 146 8.18416E+05  0.18653 % p
  17 147 1.05854E+06  0.17604 % p
  17 152 8.03149E+05  0.09420 % p
  17 153 5.71279E+05  0.03728 % p
  17 154 7.25939E+05  0.02440 % p
  17 155 9.07438E+05  0.27836 % p
  17 156 5.47764E+05  0.04888 % p
  17 157 7.36864E+05  0.14529 % p
  17 158 6.52249E+05  0.03644 % p
  17 159 6.48086E+05  0.09020 % p
  17 160 7.44520E+05  0.06916 % p
  17 161 7.05197E+05  0.06662 % p
  17 167 6.12539E+05  0.25950 % p
  17 168 7.87425E+05  0.25518 % p
  17 169 6.40547E+05  0.34060 % p
  17 170 7.49054E+05  0.14102 % p
  17 171 5.37154E+05  0.09653 % p
  17 172 8.61940E+05  0.16053 % p
  17 173 6.96767E+05  0.26184 % p
  17 174 6.04418E+05  0.06216 % p
  17 175 7.67586E+05  0.07643 % p
  17 182 7.11200E+05  0.07097 % p
  17 183 4.84166E+05  0.02255 % p
  17 184 6.19703E+05  0.18328 % p
  17 185 6.60738E+05  0.23405 % p
  17 186 7.34870E+05  0.04482 % p
  17 187 9.79825E+05  0.10571 % p
  17 188 4.55766E+05  0.29607 % p
  17 189 7.83756E+05  0.03609 % p
  17 197 6.59314E+05  0.09136 % p
  17 198 5.61319E+05  0.01081 % p
  17 199 8.51933E+05  0.00472 % p
  17 200 7.62737E+05  0.21048 % p
  17 201 6.22742E+05  0.23237 % p
  17 202 7.67915E+05  0.22766 % p
  17 203 8.31676E+05  0.12100 % p
  18  23 8.77438E+05  0.10450 % p
  18  24 7.84661E+05  0.17149 % p
  18  25 9.80255E+05  0.16458 % p
  18  26 7.16215E+05  0.08678 % p
  18  27 1.04819E+06  0.01812 % p
  18  28 7.70126E+05  0.06140 % p
  18  29 8.94539E+05  0.22850 % p
  18  37 9.47210E+05  0.02624 % p
  18  38 6.83363E+05  0.01560 % p
  18  39 1.15085E+06  0.06935 % p
  18  40 6.49091E+05  0.18920 % p
  18  41 6.17862E+05  0.02355 % p
  18  42 8.95346E+05  0.11137 % p
  18  43 8.19802E+05  0.02352 % p
  18  44 6.95988E+05  0.11608 % p
  18  51 7.21817E+05  0.04018 % p
  18  52 7.43748E+05  0.14157 % p
