
DETPwrCore_w_de = [
    1    1    1    1     1     1     1    1    1    1  7.91042E+08 0.00173 
    2    2    1    1     1     1     1    1    1    1  1.12508E+08 0.00859 
    3    3    1    1     1     1     1    1    1    1  2.96792E+07 0.00012 
    4    4    1    1     1     1     1    1    1    1  8.94920E+06 0.05238 
    5    5    1    1     1     1     1    1    1    1  4.64296E+06 0.01655 
    6    6    1    1     1     1     1    1    1    1  1.57844E+06 0.06202 
    7    7    1    1     1     1     1    1    1    1  8.14256E+05 0.08719 
    8    8    1    1     1     1     1    1    1    1  1.87092E+05 0.54351 
    9    9    1    1     1     1     1    1    1    1  1.28594E+05 0.03348 
   10   10    1    1     1     1     1    1    1    1  4.98376E+04 1.00000 
];


DETPwrCore_w_deE = [
 1.00000E-06  1.50000E+00  7.50001E-01
 1.50000E+00  3.00000E+00  2.25000E+00
 3.00000E+00  4.50000E+00  3.75000E+00
 4.50000E+00  6.00000E+00  5.25000E+00
 6.00000E+00  7.50000E+00  6.75000E+00
 7.50000E+00  9.00000E+00  8.25000E+00
 9.00000E+00  1.05000E+01  9.75000E+00
 1.05000E+01  1.20000E+01  1.12500E+01
 1.20000E+01  1.35000E+01  1.27500E+01
 1.35000E+01  1.50000E+01  1.42500E+01
];

DETPwrCore = [
    1    1    1    1     1     1     1    1    1    1  9.50000E+08 0.00000 
];


DETfuelP1_simple = [
    1    1    1    1     1     1     1    1    1    1  6.14599E+08 0.00717 
    2    1    1    1     2     1     1    1    1    1  7.20354E+06 0.01137 
    3    1    1    1     3     1     1    1    1    1  4.20505E+05 0.09796 
];


DETfuelP2_simple = [
    1    1    1    1     1     1     1    1    1    1  1.67590E+08 0.01077 
    2    1    1    1     2     1     1    1    1    1  1.86117E+06 0.01209 
    3    1    1    1     3     1     1    1    1    1  4.20505E+05 0.09796 
];


DETfuelP3_simple = [
    1    1    1    1     1     1     1    1    1    1  8.84656E+07 0.04341 
    2    1    1    1     2     1     1    1    1    1  5.28281E+07 0.03459 
    3    1    1    1     3     1     1    1    1    1  4.20505E+05 0.09796 
];


DETfuelP1_w_voll = [
    1    1    1    1     1     1     1    1    1    1  2.91496E+04 0.00717 
    2    1    1    1     2     1     1    1    1    1  3.41654E+02 0.01137 
    3    1    1    1     3     1     1    1    1    1  1.99440E+01 0.09796 
];


DETfuelP2_w_voll = [
    1    1    1    1     1     1     1    1    1    1  2.38458E+04 0.01077 
    2    1    1    1     2     1     1    1    1    1  2.64819E+02 0.01209 
    3    1    1    1     3     1     1    1    1    1  5.98320E+01 0.09796 
];


DETfuelP3_w_voll = [
    1    1    1    1     1     1     1    1    1    1  2.51748E+04 0.04341 
    2    1    1    1     2     1     1    1    1    1  1.50334E+04 0.03459 
    3    1    1    1     3     1     1    1    1    1  1.19664E+02 0.09796 
];


DETfuelP3Z1 = [
    1    1    1    1     1     1     1    1    1    1  8.84656E+07 0.04341 
];


DETfuelP3Z1_w_voll = [
    1    1    1    1     1     1     1    1    1    1  2.51748E+04 0.04341 
];

