
DETpinpowers = [
    1    1    1    1     1     1     1    1    1    1  1.79176E+02 0.00434 
    2    1    1    1     1     1     1    1    1    2  1.75071E+02 0.00420 
    3    1    1    1     1     1     1    1    1    3  1.71949E+02 0.00417 
    4    1    1    1     1     1     1    1    1    4  1.75726E+02 0.00414 
    5    1    1    1     1     1     1    1    1    5  1.81156E+02 0.00410 
    6    1    1    1     1     1     1    1    1    6  1.82233E+02 0.00407 
    7    1    1    1     1     1     1    1    1    7  1.82152E+02 0.00408 
    8    1    1    1     1     1     1    1    1    8  1.81898E+02 0.00411 
    9    1    1    1     1     1     1    1    1    9  1.83275E+02 0.00408 
   10    1    1    1     1     1     1    1    1   10  1.80287E+02 0.00409 
   11    1    1    1     1     1     1    1    1   11  1.82458E+02 0.00409 
   12    1    1    1     1     1     1    1    1   12  1.83323E+02 0.00407 
   13    1    1    1     1     1     1    1    1   13  1.79663E+02 0.00408 
   14    1    1    1     1     1     1    1    1   14  1.76543E+02 0.00412 
   15    1    1    1     1     1     1    1    1   15  1.72661E+02 0.00416 
   16    1    1    1     1     1     1    1    1   16  1.76724E+02 0.00418 
   17    1    1    1     1     1     1    1    1   17  1.77952E+02 0.00434 
   18    1    1    1     1     1     1    1    2    1  1.76038E+02 0.00419 
   19    1    1    1     1     1     1    1    2    2  1.67111E+02 0.00413 
   20    1    1    1     1     1     1    1    2    3  1.59690E+02 0.00417 
   21    1    1    1     1     1     1    1    2    4  1.70886E+02 0.00408 
   22    1    1    1     1     1     1    1    2    5  1.78145E+02 0.00401 
   23    1    1    1     1     1     1    1    2    6  1.85305E+02 0.00399 
   24    1    1    1     1     1     1    1    2    7  1.79545E+02 0.00399 
   25    1    1    1     1     1     1    1    2    8  1.78766E+02 0.00400 
   26    1    1    1     1     1     1    1    2    9  1.81370E+02 0.00398 
   27    1    1    1     1     1     1    1    2   10  1.77296E+02 0.00401 
   28    1    1    1     1     1     1    1    2   11  1.80931E+02 0.00399 
   29    1    1    1     1     1     1    1    2   12  1.85602E+02 0.00398 
   30    1    1    1     1     1     1    1    2   13  1.79566E+02 0.00400 
   31    1    1    1     1     1     1    1    2   14  1.70079E+02 0.00406 
   32    1    1    1     1     1     1    1    2   15  1.61220E+02 0.00413 
   33    1    1    1     1     1     1    1    2   16  1.68519E+02 0.00413 
   34    1    1    1     1     1     1    1    2   17  1.74923E+02 0.00418 
   35    1    1    1     1     1     1    1    3    1  1.73402E+02 0.00417 
   36    1    1    1     1     1     1    1    3    2  1.60498E+02 0.00419 
   37    1    1    1     1     1     1    1    3    3  1.33287E+01 0.00496 
   38    1    1    1     1     1     1    1    3    4  1.66863E+02 0.00408 
   39    1    1    1     1     1     1    1    3    5  1.79105E+02 0.00399 
   40    1    1    1     1     1     1    1    3    6  0.00000E+00 0.00000 
   41    1    1    1     1     1     1    1    3    7  1.75828E+02 0.00403 
   42    1    1    1     1     1     1    1    3    8  1.66653E+02 0.00407 
   43    1    1    1     1     1     1    1    3    9  0.00000E+00 0.00000 
   44    1    1    1     1     1     1    1    3   10  1.67606E+02 0.00410 
   45    1    1    1     1     1     1    1    3   11  1.76639E+02 0.00402 
   46    1    1    1     1     1     1    1    3   12  0.00000E+00 0.00000 
   47    1    1    1     1     1     1    1    3   13  1.80739E+02 0.00399 
   48    1    1    1     1     1     1    1    3   14  1.67754E+02 0.00410 
   49    1    1    1     1     1     1    1    3   15  1.32854E+01 0.00495 
   50    1    1    1     1     1     1    1    3   16  1.60226E+02 0.00417 
   51    1    1    1     1     1     1    1    3   17  1.72282E+02 0.00419 
   52    1    1    1     1     1     1    1    4    1  1.75972E+02 0.00416 
   53    1    1    1     1     1     1    1    4    2  1.70382E+02 0.00407 
   54    1    1    1     1     1     1    1    4    3  1.67903E+02 0.00411 
   55    1    1    1     1     1     1    1    4    4  0.00000E+00 0.00000 
   56    1    1    1     1     1     1    1    4    5  1.67098E+02 0.00410 
   57    1    1    1     1     1     1    1    4    6  1.72517E+02 0.00404 
   58    1    1    1     1     1     1    1    4    7  1.59295E+02 0.00416 
   59    1    1    1     1     1     1    1    4    8  1.28644E+01 0.00502 
   60    1    1    1     1     1     1    1    4    9  1.48537E+02 0.00426 
   61    1    1    1     1     1     1    1    4   10  1.29692E+01 0.00499 
   62    1    1    1     1     1     1    1    4   11  1.58688E+02 0.00420 
   63    1    1    1     1     1     1    1    4   12  1.72430E+02 0.00405 
   64    1    1    1     1     1     1    1    4   13  1.67501E+02 0.00410 
   65    1    1    1     1     1     1    1    4   14  0.00000E+00 0.00000 
   66    1    1    1     1     1     1    1    4   15  1.68096E+02 0.00406 
   67    1    1    1     1     1     1    1    4   16  1.70937E+02 0.00405 
   68    1    1    1     1     1     1    1    4   17  1.75884E+02 0.00414 
   69    1    1    1     1     1     1    1    5    1  1.79398E+02 0.00408 
   70    1    1    1     1     1     1    1    5    2  1.79547E+02 0.00402 
   71    1    1    1     1     1     1    1    5    3  1.78855E+02 0.00398 
   72    1    1    1     1     1     1    1    5    4  1.67029E+02 0.00410 
   73    1    1    1     1     1     1    1    5    5  1.29766E+01 0.00501 
   74    1    1    1     1     1     1    1    5    6  1.61697E+02 0.00415 
   75    1    1    1     1     1     1    1    5    7  1.61400E+02 0.00414 
   76    1    1    1     1     1     1    1    5    8  1.53448E+02 0.00422 
   77    1    1    1     1     1     1    1    5    9  1.61774E+02 0.00418 
   78    1    1    1     1     1     1    1    5   10  1.52207E+02 0.00420 
   79    1    1    1     1     1     1    1    5   11  1.59126E+02 0.00416 
   80    1    1    1     1     1     1    1    5   12  1.61549E+02 0.00416 
   81    1    1    1     1     1     1    1    5   13  1.29410E+01 0.00498 
   82    1    1    1     1     1     1    1    5   14  1.66754E+02 0.00409 
   83    1    1    1     1     1     1    1    5   15  1.80274E+02 0.00401 
   84    1    1    1     1     1     1    1    5   16  1.79741E+02 0.00400 
   85    1    1    1     1     1     1    1    5   17  1.80578E+02 0.00412 
   86    1    1    1     1     1     1    1    6    1  1.83844E+02 0.00410 
   87    1    1    1     1     1     1    1    6    2  1.85484E+02 0.00395 
   88    1    1    1     1     1     1    1    6    3  0.00000E+00 0.00000 
   89    1    1    1     1     1     1    1    6    4  1.72258E+02 0.00406 
   90    1    1    1     1     1     1    1    6    5  1.60038E+02 0.00415 
   91    1    1    1     1     1     1    1    6    6  0.00000E+00 0.00000 
   92    1    1    1     1     1     1    1    6    7  1.58129E+02 0.00419 
   93    1    1    1     1     1     1    1    6    8  1.65806E+02 0.00409 
   94    1    1    1     1     1     1    1    6    9  0.00000E+00 0.00000 
   95    1    1    1     1     1     1    1    6   10  1.64771E+02 0.00412 
   96    1    1    1     1     1     1    1    6   11  1.56828E+02 0.00419 
   97    1    1    1     1     1     1    1    6   12  0.00000E+00 0.00000 
   98    1    1    1     1     1     1    1    6   13  1.59954E+02 0.00414 
   99    1    1    1     1     1     1    1    6   14  1.70981E+02 0.00405 
  100    1    1    1     1     1     1    1    6   15  0.00000E+00 0.00000 
  101    1    1    1     1     1     1    1    6   16  1.84080E+02 0.00395 
  102    1    1    1     1     1     1    1    6   17  1.83383E+02 0.00406 
  103    1    1    1     1     1     1    1    7    1  1.83097E+02 0.00407 
  104    1    1    1     1     1     1    1    7    2  1.80873E+02 0.00398 
  105    1    1    1     1     1     1    1    7    3  1.76517E+02 0.00401 
