
DET1 = [
    1    1    1    1     1     1     1    1    1    1  3.30618E-01 0.00030 
];

